0.54168219
0.01440106
1.17690154
0.98138728
2.14710347
2.65053908
2.11763452
1.62507407
0.67588757
1.66375115
-1.70664574
-2.49620442
1.06864230
-0.28082880
0.34523308
1.15356850
1.01932367
3.69376708
2.44408777
-0.68577646
-0.55765634
-0.99536485
-1.13987953
0.20833840
-0.99126495
-1.00743981
-1.59920608
-2.07698835
-0.40964166
-0.97402839
-1.65503232
2.32909272
-0.54026234
-2.08298077
0.01160771
-1.23833924
-1.23378024
-1.15080265
-1.02691778
0.49361945
-1.64397963
-1.00377620
-3.87128941
