-2.84707451
-13.24887228
-4.27061176
0.00000000
0.00000000
4.12384701
-4.27061176
10.30961752
-93.39458466
0.00000000
-7.11768627
0.00000000
0.00000000
0.00000000
0.00000000
0.00000000
0.00000000
0.00000000
0.00000000
0.00000000
0.00000000
0.00000000
0.00000000
0.00000000
8.24769402
0.00000000
0.00000000
0.00000000
0.00000000
0.00000000
0.00000000
0.00000000
0.00000000
0.00000000
0.00000000
0.00000000
0.00000000
0.00000000
0.00000000
0.00000000
0.00000000
0.00000000
0.00000000
0.00000000
0.00000000
0.00000000
0.00000000
0.00000000
0.00000000
0.00000000
0.00000000
0.00000000
0.00000000
0.00000000
0.00000000
0.00000000
0.00000000
2.06192350
-37.06365681
-192.28196907
-270.51614094
-581.62874746
-425.00750494
-412.68693018
-491.00604582
-235.54838514
-92.02563190
-118.12067795
-236.91733789
-132.53715372
-282.20939064
-271.26007795
-360.51382685
-464.84073544
-284.34288740
-1.42353725
0.00000000
-24.16189814
-7.11768627
-8.54122353
-0.78515100
-1.42353725
0.63838625
-8.54122353
-17.79307604
-7.11768627
-11.38829803
-12.81183529
-27.04720783
-12.81183529
-16.60717487
-12.81183529
-18.50598431
-26.84585857
-4.27061176
-18.50598431
-30.12963915
-7.11768627
0.00000000
0.00000000
-7.11768627
-4.27061176
-12.81183529
-15.42127371
-2.35545301
-20.80359554
-5.69414902
-9.96476078
-17.95652103
-19.45424938
-9.96476078
-5.69414902
0.00000000
-18.26834822
-8.54122353
-20.87778664
-7.11768627
-7.11768627
-41.00670910
-6.47930002
-5.69414902
-19.89128637
0.00000000
-3.39458942
-4.27061176
0.00000000
-4.27061176
-11.82533503
-9.72712469
0.00000000
0.00000000
0.00000000
-7.55472326
0.00000000
0.00000000
0.00000000
-7.55472326
0.00000000
0.00000000
0.00000000
0.00000000
0.00000000
0.00000000
0.00000000
0.00000000
-8.85110235
0.00000000
-10.40179777
-1.42353725
0.00000000
0.00000000
0.00000000
-37.00807190
-7.11768627
0.00000000
-5.45651293
-13.76010036
0.00000000
-2.84707451
-1.42353725
-1.42353725
0.00000000
0.00000000
0.00000000
0.00000000
0.00000000
0.00000000
0.00000000
0.00000000
0.00000000
0.00000000
4.12384701
0.00000000
2.06192350
0.00000000
0.00000000
2.06192350
0.00000000
0.00000000
0.00000000
0.00000000
0.00000000
0.00000000
0.00000000
2.06192350
6.18577051
0.00000000
0.00000000
0.00000000
0.00000000
0.00000000
0.00000000
0.00000000
0.00000000
0.00000000
0.00000000
0.00000000
0.00000000
0.00000000
0.00000000
-15.10944653
0.00000000
0.00000000
0.00000000
6.18577051
-25.40207529
0.00000000
0.00000000
0.00000000
-21.93491220
-37.00807190
-87.55821466
-400.94282818
-24.05272913
0.00000000
-3.43087626
0.00000000
0.00000000
2.06192350
-3.43087626
-36.97178507
-53.37761068
-76.00549364
-99.27307177
-160.59109306
-240.08073854
-96.26416969
-53.34132385
-63.41623163
-80.16562748
-70.51269388
-66.35256004
-81.42571974
-43.59882784
-5.45651293
-17.70220470
-229.37960339
-173.06566429
-43.26641607
-39.06999540
-1.42353725
-95.97291946
-44.56441259
-17.95652103
-2.84707451
0.00000000
0.00000000
-3.99799776
-42.48388290
-41.62679768
-15.65890980
-4.17974043
-18.94302130
-20.36655855
-6.88005018
-7.66520119
-4.78284025
-57.68289185
-58.37586260
-2.84707451
-37.48496151
-54.56512928
-21.29652596
-4.94659376
-5.05576277
-19.87298870
-19.18594551
-241.00720739
-220.42194986
-287.72148848
-116.02477694
-70.69412804
-87.50686502
-41.27999258
-162.72206926
-186.77218056
-10.91302586
-39.61912775
-42.70383835
-33.67099333
-101.88153219
-19.96386003
-130.38797712
-412.06191444
-69.78505373
-3.39458942
-37.92199850
-52.11913586
-106.28351498
-30.95107698
-35.80743885
-395.42368841
-315.21946478
-323.46715879
-32.95679855
-45.32833958
0.00000000
0.00000000
-5.45651293
2.06192350
0.00000000
-1.33266592
4.12384701
0.00000000
2.06192350
-15.10944653
-45.32833958
-122.24452496
-121.55155420
-81.67972755
-17.84735203
6.18577051
-94.76353741
-16.36953878
-49.98302126
-45.40253067
0.00000000
2.06192350
2.06192350
15.07185078
-238.28629065
-411.99395943
-622.06257868
-297.64361143
-613.44035578
-398.03695631
-130.71577024
-401.25142050
-355.26963186
-437.12524939
-374.87985611
-354.42113972
-85.56917334
-137.58044910
-239.31519413
-186.24617577
-306.15647173
-432.23747540
-359.54153013
-292.85365438
-416.10978556
-518.46009779
-419.44686413
-285.27901602
-351.01310492
-431.94687223
-564.24669838
-568.66990519
-610.11332035
-497.17071104
-339.34426928
-220.83076477
-99.29236984
-99.56336641
-177.15553379
-512.96146774
-527.16605282
-397.54823875
-286.31976986
-306.95830297
-268.27399492
-258.16863060
-282.09289265
-346.31095552
-350.23054934
-34.83728790
0.00000000
0.00000000
-1.42353725
-4.27061176
0.00000000
0.00000000
0.00000000
-7.55472326
0.00000000
0.00000000
0.00000000
0.00000000
0.00000000
0.00000000
10.30961752
28.86692905
12.37154102
37.11462307
41.23847008
2.07891226
-1.36895275
-18.54032278
2.06192350
-100.94930792
0.00000000
-7.55472326
0.00000000
0.00000000
0.00000000
2.06192350
0.00000000
10.30961752
-28.15696955
2.06192350
-15.10944653
0.00000000
0.00000000
0.00000000
0.00000000
0.00000000
0.00000000
0.00000000
0.00000000
0.00000000
0.00000000
0.00000000
0.00000000
0.00000000
0.00000000
0.00000000
0.00000000
0.00000000
0.00000000
0.00000000
0.00000000
0.00000000
0.00000000
0.00000000
0.00000000
0.00000000
0.00000000
0.00000000
0.00000000
0.00000000
0.00000000
0.00000000
0.00000000
-5.45651293
