-3.83781642
-5.37294298
-9.97832268
-8.17390186
-6.63877529
-1.53512657
-0.99653804
-2.30268985
-4.60537970
-0.49826902
-15.90150498
-6.96506901
-1.17202780
-1.26583230
-0.49826902
-0.49826902
-3.48788315
-0.49826902
-0.49826902
-1.49480706
-0.99653804
-1.49480706
-0.99653804
-0.49826902
-0.76756328
-0.76756328
-4.75371546
-7.39195967
-26.08724930
-26.72497044
-5.79353977
-96.20681068
-144.12295795
-124.81221213
-109.97413322
-14.08841553
-63.46087313
-85.99826647
-49.35566693
-51.85634103
-4.57493233
-2.78151011
-26.21928689
-18.47579660
-34.68156737
-4.91387760
-18.22629437
-30.24556132
-24.08214010
-15.93203394
-6.36973801
-38.61400270
-31.82625981
-89.00234715
-5.47824990
-0.99653804
-2.80095887
-6.10726863
-11.39241633
-8.44319612
-10.47659171
-5.37294298
-5.37294298
-1.26583230
-0.76756328
-7.67563283
-3.07025313
-8.88207173
-1.77826506
-1.25384027
-11.72335011
-13.03057456
-14.31440812
-19.69443297
-17.37266922
-5.76047888
-5.87121201
-5.57576197
-15.33219177
-4.60537970
-13.14473458
-8.68633461
-13.01533818
-14.58370239
-5.13087714
-10.71973020
-12.32110020
-3.02962738
-13.54684484
-13.81613910
-9.97832268
-6.14050627
-2.53166461
-8.44319612
-10.41228813
-8.94146514
-8.44319612
-6.90806955
-3.56852216
-5.87829387
-5.37294298
-6.14050627
-8.17390186
-3.07025313
-2.02140355
-4.90382291
-6.50465128
-3.29922789
-3.18634948
-3.07025313
-3.83781642
-0.39137343
-2.16097228
-11.25123686
-3.93729749
-11.51344925
-7.90460759
-2.03339559
-8.94146514
-4.08095491
-7.17135459
-6.12143236
-4.33608544
-2.30268985
-3.47471765
-11.24415499
-7.87459497
-3.26599026
-10.06018317
-7.97230434
-5.29230398
-3.04409736
-2.30268985
-0.49826902
-0.99653804
-0.99162787
-1.53512657
-0.76756328
-4.33608544
-0.49826902
-1.27342939
-0.99653804
-1.76410133
0.14258478
-2.27653408
-1.76410133
-0.99653804
0.02615577
-2.49134511
-0.49826902
-0.49826902
-0.99653804
-1.19550018
-0.50535089
-4.02647167
-3.50204688
-6.56521815
-2.53166461
-1.76410133
-4.60537970
-0.97038227
-5.33970535
-1.53512657
0.26221240
-2.98961413
-0.70816988
-4.29459600
-6.88899565
0.11996028
-1.27291417
-2.49134511
0.26221240
-0.76756328
-1.27291417
-0.76756328
-0.49826902
-0.49826902
-0.49826902
-0.49826902
0.64545771
-0.49826902
-0.49826902
-0.49826902
-1.99307609
-0.49826902
-0.49826902
-0.49826902
-0.49826902
-0.09948107
-0.49826902
-0.49826902
-0.49826902
-0.49826902
0.26221240
0.26221240
-0.49826902
0.26221240
-0.49826902
0.26221240
-0.49826902
-0.49826902
-0.49826902
-0.49826902
-0.49826902
-0.49826902
-0.49826902
-0.99653804
-0.49826902
-3.48788315
-1.49480706
-0.49826902
-1.49480706
-6.97576630
-8.47057337
-2.92636387
-1.73086369
-0.36115537
-0.70816988
-8.26333302
-8.38415343
-4.88105323
-4.51432945
2.98251650
-6.10974302
-13.71516972
-3.98615217
-9.76555461
-4.98269022
-8.72677654
-5.48095924
-2.49134511
-7.97230434
-5.18165235
-0.99653804
-2.84702935
2.78378264
0.77142721
0.21397022
-3.20764309
-2.91786962
-7.91171460
-10.34473895
-9.40296751
7.71773063
10.42471559
4.17929829
-1.28436811
-1.63544844
-5.09224632
-3.88224267
-8.23645660
-1.11156175
-1.25327577
-1.35769341
-4.31974646
-2.44000539
-0.47211325
-0.48735316
3.28806088
-3.13787547
-0.99653804
-8.35662231
-16.60215951
-11.63057478
-10.05416421
-6.54801197
-2.30565662
-0.87464144
-2.86858121
-2.80095887
-6.80805039
-7.88029086
-7.64239520
-6.00039944
-1.40808442
0.26221240
-1.11156175
0.36309877
-4.06679118
-2.95960151
-10.07439491
-20.25384144
-8.65970189
-1.64591148
-17.33125067
-2.13642725
-3.29183977
-4.57214206
-0.09948107
-8.77980646
-4.08095491
-4.39987025
-5.43210455
0.62531117
-6.98277375
-35.80767280
-49.37330397
-39.20513246
-30.53981288
0.30705407
-3.29922789
-1.99632043
-2.33049855
-10.48778512
-8.29600742
-2.03339559
-6.91627207
-7.54350377
-0.35816219
-10.16697794
0.26221240
-18.98863164
-35.49397034
-36.81880549
-33.30383342
-31.76161893
-4.42544219
-26.69358497
-12.68809409
-16.78786466
-7.20168912
-0.97498619
-2.20920738
-8.63018554
-40.93456358
-47.61984864
-11.04196657
-31.72131115
-8.90525540
-6.10125941
-12.07632456
-11.23952820
-6.17458471
-6.07510364
-5.24106508
-4.01171476
-1.09274254
-5.02732670
-30.70394966
-42.44231705
-40.65666386
-9.05874187
-15.49221330
-6.18038142
-15.11144593
-3.06482419
-15.38288549
0.76948028
-6.13674316
-8.21945357
-18.58616711
-11.71698535
-4.96387101
-66.35875366
-60.53766769
-58.72105405
-44.14281966
-9.13916737
-5.59457763
-8.19212661
-1.40032144
-3.36685023
-1.76410133
-0.49826902
-2.98961413
-1.36531337
-2.98961413
-5.81649693
-7.42518064
-0.59775009
0.62531117
-1.37377414
-0.49826902
-1.26583230
-1.73086369
-0.49826902
-0.49826902
-8.27074755
-5.95681272
-8.91832415
-15.47943781
-18.99490389
-15.45133511
-11.84155536
-4.00669025
-9.30351640
-6.31249697
-1.99307609
-15.24651385
-7.04299822
-0.09948107
-1.76410133
-1.63051894
-8.02778581
-5.24697348
-0.99653804
-0.49826902
-0.23605663
-0.99653804
-0.90273353
-0.76756328
-15.44633967
-20.15508457
-43.76233733
-49.24034695
-1.22529332
9.22842719
5.76300226
5.87499578
11.68036219
13.01818042
18.84375340
3.94650095
27.38729596
0.95199688
19.23382086
8.36277966
19.22853127
24.83150588
20.16222475
22.55389661
8.74592452
18.86070488
4.97726674
7.23458745
1.28797344
3.26085726
14.98542724
14.94799402
-0.70635431
1.35576395
8.31671663
9.40045161
9.28260667
18.85578349
9.20536816
2.05605196
-14.89301959
3.14648385
13.82191464
9.57725681
12.75405002
11.62019747
1.23922314
12.70670501
11.95238189
17.85200994
13.60360834
8.96577672
3.56165119
-8.16410311
-3.33096430
18.07747870
16.68224050
23.63881984
24.04926716
10.57912815
8.04727743
10.52307990
13.85093280
9.46523500
5.50524213
11.55199898
5.93338446
20.52072477
22.69315807
23.03736196
16.72730947
9.07550478
-4.60537970
-2.30268985
-1.53512657
-3.07025313
0.26221240
-4.60537970
-0.47211325
0.50427824
-0.49826902
-0.23605663
-16.44287771
-6.47749728
-6.07870933
-1.23259467
-3.74408633
-8.72677654
-7.85127142
-7.97230434
-1.49480706
-0.49826902
-1.99307609
-0.99653804
-0.61329272
-0.05425140
-0.49826902
0.52442479
-0.76756328
-0.49826902
-0.49826902
-0.99653804
-0.99653804
-2.49134511
-1.99307609
-4.24235535
-0.99653804
-5.48095924
-1.09515543
-0.49826902
-0.49826902
-10.30518938
-0.49826902
-0.49826902
-0.49826902
-0.49826902
-0.99653804
-1.49480706
-0.99653804
-0.49826902
-0.49826902
-0.49826902
-0.49826902
-0.49826902
-0.99653804
-0.99653804
-0.49826902
-0.49826902
-0.99653804
-1.99307609
-1.49480706
-0.49826902
-0.49826902
-0.49826902
-0.49826902
-1.49480706
0.26221240
