3.09687287
6.19374573
6.19374573
4.33562201
0.00000000
0.00000000
0.00000000
3.09687287
0.00000000
0.00000000
1.23874915
0.00000000
-6.86499119
-39.13044977
-5.49199295
0.00000000
0.00000000
0.00000000
0.00000000
0.00000000
0.00000000
0.00000000
0.00000000
0.00000000
0.00000000
0.00000000
0.00000000
0.00000000
0.00000000
0.00000000
0.00000000
0.61937457
0.00000000
0.00000000
0.00000000
1.23874915
0.00000000
0.00000000
0.00000000
0.00000000
0.00000000
0.00000000
0.00000000
0.00000000
0.00000000
0.61937457
0.00000000
0.00000000
0.00000000
0.00000000
0.00000000
0.00000000
0.00000000
0.00000000
0.00000000
0.00000000
0.00000000
0.00000000
0.00000000
0.00000000
0.00000000
0.00000000
0.00000000
-0.95270830
0.00000000
0.00000000
0.00000000
0.61937457
0.00000000
0.00000000
1.23874915
0.00000000
0.00000000
0.00000000
0.00000000
0.00000000
0.00000000
0.61937457
0.00000000
0.00000000
0.00000000
0.00000000
0.00000000
0.00000000
0.00000000
0.00000000
0.00000000
0.00000000
0.00000000
0.61937457
0.00000000
0.00000000
0.00000000
0.00000000
0.00000000
0.00000000
-15.78947973
-51.48743391
-28.83296299
-8.23798943
-118.34405762
-206.63623476
-170.04163650
-184.37116179
-33.38635954
-121.25824675
-154.72851092
-144.64116910
-98.22543821
-19.90847445
-11.73760957
-59.30513340
-54.23343039
-113.95885372
-14.20633653
-30.94852456
-87.87188721
-105.35663858
-78.05075458
-8.92448854
-158.00692576
-81.74945936
-205.10915577
-132.24223265
0.00000000
0.61937457
0.61937457
0.85812253
6.47978657
1.23874915
4.14530870
10.52936774
0.61937457
6.81312031
-0.47635415
4.33562201
2.47749829
6.81312031
4.62166286
3.71624744
8.05186945
3.85926786
6.47978657
-2.14302281
4.95499659
-1.23760739
12.91228026
9.71967986
1.40808356
-1.42906246
5.86918333
5.09801701
1.23874915
7.53470474
2.28718498
9.24332571
3.76468208
-2.15408313
1.04843584
1.81083083
0.85812253
3.33562082
10.33905444
5.52707827
0.41800094
2.00114414
7.17505702
1.90655836
6.19374573
-0.71396035
4.95499659
0.35087639
2.47749829
3.33562082
4.82074749
6.95614073
2.47749829
2.76353914
1.23874915
-2.11556157
3.32456049
1.23874915
6.33676615
6.61174667
2.55339417
1.23874915
-2.74599648
3.33562082
5.81311911
2.09687167
-0.85698077
-0.82074821
2.47749829
3.85926786
2.00114414
2.76353914
1.23874915
2.47749829
2.76353914
2.90655956
4.95499659
3.85926786
0.61937457
-11.91991413
-2.38177076
-0.95270830
-13.11365938
-9.68116379
-1.42906246
-2.38177076
-7.62166643
-14.52823076
-8.09802058
-0.47635415
-6.19260398
-0.95270830
0.00000000
-1.37299824
0.00000000
0.00000000
0.00000000
-4.28718737
-1.37299824
0.00000000
0.00000000
0.00000000
0.00000000
0.00000000
0.00000000
0.00000000
0.00000000
0.00000000
0.00000000
0.00000000
0.00000000
0.00000000
0.00000000
0.00000000
0.00000000
-5.23989567
-11.43249965
-4.28718737
-13.07170707
-4.02097818
-11.70976916
-16.88254029
-5.85049891
-10.95614550
-7.14531228
-6.04958355
-11.35660377
-5.90656313
-12.86156210
-10.28070670
-22.38864514
-29.51984552
-7.56560221
-8.57437474
-2.57208407
-15.71968701
-17.52937609
-15.24333286
-5.71624982
-0.95270830
-4.76354152
0.00000000
-0.47635415
-0.47635415
0.00000000
0.00000000
0.00000000
-0.47635415
-0.47635415
0.00000000
0.00000000
0.00000000
0.00000000
0.00000000
0.00000000
0.00000000
-0.47635415
0.00000000
-0.95270830
0.00000000
-1.90541661
-0.33333373
0.00000000
0.00000000
0.00000000
0.00000000
0.00000000
0.00000000
0.00000000
0.00000000
0.00000000
0.00000000
0.00000000
0.00000000
0.00000000
0.00000000
0.00000000
0.00000000
0.00000000
0.00000000
0.00000000
0.00000000
0.00000000
0.00000000
0.00000000
-0.95270830
0.61937457
0.00000000
-0.47635415
0.00000000
0.00000000
0.00000000
0.00000000
0.00000000
0.00000000
0.00000000
0.14302042
0.00000000
0.00000000
0.00000000
0.00000000
0.00000000
0.00000000
0.00000000
0.00000000
-0.47635415
0.00000000
0.00000000
0.00000000
0.00000000
0.00000000
0.00000000
0.00000000
0.00000000
0.00000000
0.00000000
0.00000000
0.00000000
0.00000000
-0.47635415
-4.80549383
-6.97711962
-1.16285327
-13.80015850
-15.64951089
-20.81923044
-94.62551677
-74.94129920
-65.79255378
-94.69607630
-119.88639873
-42.75364208
-0.68649912
-2.05949736
-2.05949736
-2.74599648
-3.90884975
3.71624744
0.00000000
-1.37299824
-7.24332881
-28.69299415
-30.47255382
-27.27804360
-31.31313369
-36.74906242
-53.60337889
-41.16249013
-13.80015850
-56.29369456
-31.10298872
-106.45046595
-45.07133988
-3.33447906
-25.83486924
-4.17505893
-74.17051205
-25.13464162
-3.48855981
-31.07476491
-22.57056630
-65.48400888
-29.00153905
-2.59191573
-34.47942010
-19.78261751
-6.40274894
-1.90541661
-3.27841485
-11.09611434
-15.84554395
-36.38445330
-6.17849207
-14.41648149
-2.74599648
-9.56903535
-6.66895813
-23.38330576
-24.23799753
-2.38177076
-5.18383145
-2.11556157
-0.95270830
-3.27841485
-0.68649912
-2.38177076
-0.47635415
-5.54805717
-47.84479335
-17.36385161
-3.90884975
-3.05949855
-18.67582846
-14.02441537
-9.99466586
-0.47635415
-17.14874947
-5.23989567
-31.84555206
-8.67239127
-1.42906246
-5.87033057
-8.57437474
-37.12701663
-73.09118000
-97.23077759
-3.69870478
-2.53585151
-17.14874947
-24.50420672
-14.29062456
-3.81083322
-1.90541661
-3.69870478
-12.38520795
-18.75401333
-12.00687033
-0.95270830
-4.28718737
-11.04005012
-108.52292499
-69.87988970
-61.36463076
-8.92448854
-86.28874400
-32.74181274
-35.89932781
-24.08353338
0.00000000
-9.73722801
-32.74219614
-30.47255382
-22.89283970
-0.93516564
-113.17433807
-40.29330304
-16.40618613
-19.33143559
-6.09153587
-8.25210133
-8.25210133
-29.68803817
-27.62854081
-11.56674874
-4.28718737
-6.08047554
-70.49926427
-76.88790131
-64.22275567
-5.39397642
-4.76354152
-19.47445601
-25.66705999
-19.99810305
-3.01220566
-15.07514021
-30.22045654
-42.33945531
-55.13084128
-27.25020319
-53.23953658
-160.48671305
-186.57367957
-145.53781319
-107.83642587
-1.37299824
-10.98398590
-19.48818451
-10.14340603
-2.38177076
0.00000000
0.00000000
0.00000000
-3.96491396
-6.97711962
-8.72845548
0.00000000
-2.32570654
-0.68649912
0.00000000
-3.43249559
-1.90541661
-1.42906246
-0.68649912
-9.61098766
-24.71396828
-24.02746916
-31.57895947
-37.07095242
-74.19796905
-33.63845682
-17.96110553
-21.28147268
-4.80549383
0.00000000
-15.10298061
-37.07095242
-2.05949736
-0.95270830
-5.33791220
-15.45347783
-10.90008128
0.00000000
0.00000000
0.00000000
0.00000000
-0.68649912
0.00000000
-0.68649912
-49.42793655
-141.41881847
-150.60951620
-18.43745968
-94.41575521
-109.49089542
-159.26932919
-152.47451413
-39.95730114
-58.70330572
-82.87112713
-106.19836867
-124.80402100
-127.74643394
-133.86886179
-142.03667510
-131.99128559
-97.34100467
-116.51797611
-142.21897966
-152.44629031
-108.20180181
-75.40354145
-73.79217443
-124.36961916
-142.77885503
-136.32042527
-84.06220421
-68.02024379
-92.73459548
-109.75710461
-132.29906368
-117.02827382
-181.11144406
-172.03287476
-166.17627269
-196.69077882
-132.24338287
-126.42911652
-130.89822504
-158.43942624
-181.65759093
-152.99282059
-198.98864496
-247.04358327
-216.65531749
-206.40016642
-163.33264309
-181.67208624
-174.17666015
-169.13279754
-178.67360908
-121.21706125
-120.97602430
-204.12899047
-185.80327582
-189.47375679
-255.16752723
-187.76475665
-182.13356167
-165.95201582
-177.83264580
-164.64881030
-125.26587984
-108.43940377
-111.18540025
-115.96305367
-118.34482443
-110.24680385
-111.12971944
-99.97754088
-101.74298865
-94.76586902
-89.63810179
-99.96342897
-70.77424902
0.61937457
0.14302042
1.85812372
0.00000000
0.00000000
0.61937457
1.85812372
0.00000000
0.00000000
0.61937457
0.00000000
0.00000000
-0.68649912
-1.16285327
-0.95270830
-2.80206069
-1.90541661
-4.97368649
0.00000000
0.00000000
0.00000000
0.00000000
0.00000000
0.00000000
0.00000000
0.00000000
-22.65447092
-41.87644625
-74.82840395
-32.95195770
-65.21741629
-24.71396828
-8.92448854
-3.43249559
-0.75362366
-10.98398590
-1.16285327
-17.82914543
-4.11899471
-1.42906246
-0.68649912
0.00000000
-0.68649912
0.00000000
0.00000000
0.00000000
0.00000000
0.00000000
0.00000000
1.23874915
0.61937457
0.00000000
0.00000000
0.00000000
0.00000000
0.61937457
0.00000000
0.00000000
-8.92448854
-2.05949736
0.00000000
0.00000000
0.00000000
0.00000000
0.00000000
0.00000000
0.00000000
1.23874915
0.00000000
0.00000000
0.00000000
0.00000000
0.00000000
0.00000000
0.00000000
0.00000000
0.00000000
0.00000000
0.00000000
0.00000000
0.00000000
0.61937457
0.00000000
0.00000000
0.00000000
0.00000000
0.00000000
0.00000000
0.00000000
0.00000000
0.00000000
0.00000000
0.00000000
0.00000000
0.00000000
0.00000000
0.00000000
0.00000000
0.00000000
0.00000000
0.00000000
0.00000000
0.00000000
0.61937457
0.00000000
0.00000000
0.61937457
0.00000000
0.00000000
0.00000000
-0.47635415
-1.90541661
-5.23989567
