-1.01700187
-1.01700187
-1.01700187
-1.01700187
-0.61020112
0.00000000
0.00000000
-1.83060336
0.00000000
0.00000000
-1.01700187
0.00000000
-0.68540235
-4.60198720
-0.19582924
0.00000000
0.00000000
0.00000000
0.00000000
0.00000000
0.00000000
0.00000000
0.00000000
0.00000000
0.00000000
0.00000000
0.00000000
-0.20340037
0.00000000
0.00000000
0.00000000
0.00000000
0.00000000
0.00000000
-0.20340037
0.00000000
0.00000000
0.00000000
0.00000000
0.00000000
-0.20340037
0.00000000
0.00000000
0.00000000
0.00000000
-0.20340037
0.00000000
0.00000000
0.00000000
0.00000000
0.00000000
0.00000000
0.00000000
-0.20340037
0.00000000
-0.61020112
0.00000000
0.00000000
0.00000000
0.00000000
0.00000000
-0.20340037
0.00000000
0.00000000
0.00000000
-0.20340037
-0.20340037
0.00000000
0.00000000
-0.20340037
-0.20340037
0.00000000
0.00000000
0.00000000
0.00000000
0.00000000
0.00000000
0.00000000
0.00000000
0.00000000
0.00000000
0.00000000
0.00000000
0.00000000
0.00000000
-0.20340037
0.00000000
0.00000000
-0.20340037
-0.20340037
-0.20340037
-0.40680075
0.00000000
0.00000000
0.00000000
0.00000000
-1.66454856
-3.83615516
-2.83952402
-1.09454577
-7.77022494
-20.36624122
-18.52334835
-20.57606041
-7.02887282
-15.88664855
-13.41430311
-15.68382433
-16.30336310
-3.57738116
-1.76246318
-4.40615796
-4.91321599
-8.96268533
-3.23118250
-4.28026845
-8.12691356
-10.78809327
-4.90972102
-1.27289008
-16.70493539
-12.90375009
-22.46441311
-19.98857269
0.00000000
0.00000000
-0.20340037
-0.81360149
-2.06374514
0.00000000
-1.22040224
-2.84760523
-0.61020112
-1.84051716
0.00000000
0.00000000
-1.22040224
-0.63994253
-1.87025857
0.00000000
-1.66685820
-1.22040224
-2.32662833
-2.53002870
0.00000000
-3.23057331
-3.94391751
-5.41728914
-2.31494801
0.00000000
-0.42662835
-3.31388879
-1.69659960
-3.19794612
-0.21331418
-1.67677200
-2.75325668
-3.27657625
-1.86034477
-2.23740411
-0.20340037
-1.22040224
-1.22040224
-1.42380261
-0.61020112
-1.62720299
-2.44080448
-1.66685820
-1.01700187
-1.42380261
-1.62720299
-0.81360149
-1.22040224
0.00000000
-2.03400373
-1.86034477
0.00000000
-1.48328543
-0.41671455
-0.42662835
-0.82351530
-0.21331418
-0.61020112
-1.79451422
0.00000000
-0.20340037
0.00000000
-1.46345782
-3.11048841
-1.67911467
-0.91151612
-1.62720299
-0.91385879
-1.44363022
-0.81360149
-0.62011492
0.00000000
-1.22040224
-1.42380261
-1.22040224
-1.01700187
-1.01700187
0.00000000
-1.06657088
-0.21331418
-0.09791462
-1.27988505
-1.16448550
-0.42662835
0.00000000
-0.21331418
0.00000000
-0.21331418
0.00000000
-1.70651340
0.00000000
0.00000000
0.00000000
0.00000000
0.00000000
0.00000000
-0.42662835
0.00000000
0.00000000
0.00000000
0.00000000
0.00000000
0.00000000
0.00000000
0.00000000
0.00000000
0.00000000
0.00000000
0.00000000
0.00000000
0.00000000
0.00000000
-0.09791462
-0.21331418
0.00000000
0.00000000
-0.21331418
-0.31122880
-0.63994253
-0.72037221
-0.63994253
-0.31122880
-0.21331418
0.00000000
-0.21331418
-0.21331418
-0.29374386
0.00000000
0.00000000
-0.85325670
-1.91982758
-0.83342910
-0.63994253
-0.21331418
-0.63994253
-0.62011492
-0.40914342
0.00000000
0.00000000
-0.21331418
0.00000000
0.00000000
0.00000000
0.00000000
-0.20340037
0.00000000
0.00000000
-0.21331418
0.00000000
-0.20340037
0.00000000
0.00000000
0.00000000
0.00000000
0.00000000
0.00000000
0.00000000
0.00000000
0.00000000
0.00000000
0.00000000
0.00000000
0.00000000
0.00000000
0.00000000
0.00000000
0.00000000
0.00000000
0.00000000
0.00000000
0.00000000
0.00000000
0.00000000
0.00000000
0.00000000
0.00000000
0.00000000
-0.20340037
0.00000000
0.00000000
0.00000000
0.00000000
0.00000000
0.00000000
0.00000000
0.00000000
0.00000000
0.00000000
-0.20340037
0.00000000
0.00000000
0.00000000
0.00000000
0.00000000
0.00000000
0.00000000
0.00000000
0.00000000
0.00000000
0.00000000
0.00000000
0.00000000
0.00000000
0.00000000
0.00000000
0.00000000
0.00000000
0.00000000
0.00000000
0.00000000
0.00000000
0.00000000
0.00000000
0.00000000
0.00000000
0.00000000
0.00000000
0.00000000
0.00000000
-0.09791462
0.00000000
0.00000000
-0.60497266
-1.03160101
-0.09791462
-4.36419813
-8.34722774
-3.92008485
-14.74665301
-15.77125904
-1.16448550
-0.42662835
-0.09791462
0.00000000
0.00000000
-0.52454297
-0.20340037
0.00000000
-0.29374386
-0.21331418
-0.39165848
-3.39554188
-2.42688562
-1.57362892
-2.93394366
-3.16474277
-2.22114258
-5.18248497
-8.28194031
-11.39657095
-18.44642870
-6.61273944
-0.52454297
-2.27651620
-0.52454297
-2.48983037
-2.98639846
-0.50705804
-3.01437335
-2.85351397
-4.66843195
-2.58774500
-0.21331418
-1.63657367
-3.92008485
0.00000000
0.00000000
-0.31122880
-1.48620425
-3.00737837
-3.47946654
-0.88123159
-1.40577456
-0.99428847
-1.04908594
-0.42662835
-2.32897100
-2.34645593
-2.98639846
-3.19971263
-0.09791462
-0.21331418
-0.42662835
-0.09791462
-0.42662835
-0.21331418
-0.63994253
-2.89197882
-3.72075561
-1.37080470
-3.01725914
-2.44437055
-1.80442803
-1.27988505
-0.40680075
-3.62634099
-2.44437055
-2.55977011
-1.91982758
-0.21331418
-2.31671453
-1.70651340
-5.24192972
-11.36509104
-9.07458991
-1.73448829
-1.26997125
-2.65768473
-3.93756978
-2.13314176
-1.96528740
-1.06657088
-1.27988505
-0.63994253
-0.85325670
-2.55977011
-0.21331418
-1.70651340
-1.98277234
-15.86216864
-9.95931648
-8.03657007
-1.04908594
-8.04648387
-6.12316132
-5.01113062
-6.33647549
-0.31122880
-3.06682815
-7.03936779
-7.51145597
-1.80442803
-3.24340594
-13.64160724
-7.29813677
-3.19971263
-2.44437055
-4.03606056
-2.87099890
-1.91982758
-3.29762726
-6.03574167
-1.88485771
-2.23105638
-1.27988505
-8.55354191
-9.04311502
-8.38219258
-4.47959769
-3.37805694
-4.90622604
-5.75948274
-5.75948274
-2.32897100
-2.34645593
-4.46211275
-9.56416804
-6.47285998
-2.55977011
-8.63048165
-13.00166471
-16.51959610
-10.29852016
-13.56817253
-0.97914621
-2.18909153
-2.58832115
-1.46871932
0.00000000
0.00000000
0.00000000
-1.04908594
0.00000000
-1.27988505
-1.49319923
-0.09791462
-0.42662835
0.00000000
0.00000000
0.00000000
-0.21331418
0.00000000
0.00000000
-0.68540235
-1.38828963
-0.68540235
-1.29037501
-3.13326788
-2.54578015
-3.32909712
-2.09117691
-0.58748773
-0.58748773
0.00000000
-1.76246318
-3.93406978
-0.29374386
-0.21331418
-0.21331418
-2.77308428
-2.13314176
0.00000000
0.00000000
-0.09791462
0.00000000
-0.20340037
0.00000000
0.00000000
-4.91321599
-11.23220655
-15.28167589
-4.03198440
-20.70545997
-24.20591144
-26.91605097
-21.69859613
-10.81957318
-12.90725511
-10.95245767
-13.48425288
-18.50937346
-27.90568714
-24.15345664
-25.36340196
-19.03391643
-20.07950740
-22.55942397
-26.81114137
-28.52814473
-12.88277520
-7.51145597
-2.95142859
-16.63151072
-12.72891080
-15.13831149
-8.00102907
-8.32974280
-16.97071441
-19.16680092
-16.83083494
-14.54382879
-26.13622898
-27.46157385
-22.50988799
-28.75894384
-14.38296941
-17.05114409
-15.19426127
-12.39320210
-22.16368933
-15.30616584
-19.70183384
-29.73109508
-26.73770666
-23.69185843
-18.63176799
-24.76542428
-22.80013688
-18.53385337
-22.69522728
-12.75688569
-14.13468537
-10.67619371
-4.83567210
-2.65126590
-11.88263904
-7.74924503
-14.63125345
-29.46590728
-31.12288471
-24.31431602
-19.10385616
-16.34825681
-15.22923113
-16.75740023
-16.35874677
-14.63474843
-14.19763012
-14.19763012
-18.34851408
-19.57594433
-20.34877135
-18.70520270
-12.02602352
0.00000000
0.00000000
0.00000000
0.00000000
0.00000000
-0.61020112
-0.20340037
0.00000000
0.00000000
-0.40680075
0.00000000
0.00000000
0.00000000
0.00000000
0.00000000
0.00000000
-0.09791462
0.00000000
0.00000000
0.00000000
0.00000000
0.00000000
0.00000000
0.00000000
0.00000000
0.00000000
0.00000000
0.00000000
0.00000000
0.00000000
0.00000000
-0.20340037
-0.42662835
0.00000000
0.00000000
0.00000000
0.00000000
-0.85325670
0.00000000
0.00000000
0.00000000
-0.61020112
-0.20340037
-0.20340037
0.00000000
0.00000000
0.00000000
0.00000000
-0.20340037
-0.61020112
-0.61020112
-2.23740411
0.00000000
0.00000000
0.00000000
-0.20340037
0.00000000
0.00000000
0.00000000
0.00000000
0.00000000
-0.20340037
0.00000000
0.00000000
0.00000000
0.00000000
0.00000000
0.00000000
0.00000000
0.00000000
0.00000000
0.00000000
-0.20340037
0.00000000
0.00000000
0.00000000
0.00000000
0.00000000
0.00000000
0.00000000
0.00000000
0.00000000
0.00000000
0.00000000
0.00000000
0.00000000
0.00000000
0.00000000
0.00000000
0.00000000
0.00000000
0.00000000
0.00000000
0.00000000
0.00000000
0.00000000
0.00000000
0.00000000
0.00000000
0.00000000
0.00000000
0.00000000
0.00000000
0.00000000
-0.50471537
0.00000000
0.00000000
0.00000000
0.00000000
0.00000000
0.00000000
-1.06657088
0.00000000
