-5.00000715
-5.00000715
-5.00000715
-5.00000715
-3.00000429
0.00000000
0.00000000
-9.00001287
0.00000000
0.00000000
-5.00000715
0.00000000
-0.77852896
-5.22726586
-0.22243685
0.00000000
0.00000000
0.00000000
0.00000000
0.00000000
0.00000000
0.00000000
0.00000000
0.00000000
0.00000000
0.00000000
0.00000000
-1.00000143
0.00000000
0.00000000
0.00000000
0.00000000
0.00000000
0.00000000
-1.00000143
0.00000000
0.00000000
0.00000000
0.00000000
0.00000000
-1.00000143
0.00000000
0.00000000
0.00000000
0.00000000
-1.00000143
0.00000000
0.00000000
0.00000000
0.00000000
0.00000000
0.00000000
0.00000000
-1.00000143
0.00000000
-3.00000429
0.00000000
0.00000000
0.00000000
0.00000000
0.00000000
-1.00000143
0.00000000
0.00000000
0.00000000
-1.00000143
-1.00000143
0.00000000
0.00000000
-1.00000143
-1.00000143
0.00000000
0.00000000
0.00000000
0.00000000
0.00000000
0.00000000
0.00000000
0.00000000
0.00000000
0.00000000
0.00000000
0.00000000
0.00000000
0.00000000
-1.00000143
0.00000000
0.00000000
-1.00000143
-1.00000143
-1.00000143
-2.00000286
0.00000000
0.00000000
0.00000000
0.00000000
-1.89071319
-3.98585126
-3.22533426
-0.87173542
-8.08292094
-23.13343191
-20.66861466
-18.91342521
-4.26861733
-15.44449547
-15.23692390
-17.44328040
-16.31526652
-2.94886154
-2.00193161
-5.00482902
-5.20925391
-9.06587479
-3.67020795
-3.37572327
-9.23112908
-11.88235927
-1.11847758
-1.44583949
-15.63090840
-10.94172269
-22.54446256
-18.24611467
0.00000000
0.00000000
-1.00000143
-4.00000572
-6.61231887
0.00000000
-6.00000858
-14.00002003
-3.00000429
-7.87078106
0.00000000
0.00000000
-6.00000858
0.38769114
-4.48308563
0.00000000
-3.48308420
-6.00000858
-0.83692944
-1.83693087
0.00000000
-4.17058900
-9.96617270
-11.32002366
-6.87174401
0.00000000
0.25846076
-9.22463202
-0.09538877
-2.96712705
0.12923038
-2.35385239
-0.57846868
-11.83476287
-5.61231744
-11.00001574
-1.00000143
-6.00000858
-6.00000858
-7.00001001
-3.00000429
-8.00001144
-12.00001717
-3.48308420
-5.00000715
-7.00001001
-8.00001144
-4.00000572
-6.00000858
0.00000000
-10.00001431
-5.61231744
0.00000000
-0.22461915
-0.87077105
0.25846076
-2.87077391
0.12923038
-3.00000429
-0.20660719
0.00000000
-1.00000143
0.00000000
-2.48308277
-8.22463059
-0.44705600
-4.11122414
-8.00001144
-2.20442775
-4.74154639
-4.00000572
-1.87077248
0.00000000
-6.00000858
-7.00001001
-6.00000858
-5.00000715
-5.00000715
0.00000000
0.64615190
0.12923038
-0.11121842
0.77538228
0.53493348
0.25846076
0.00000000
0.12923038
0.00000000
0.12923038
0.00000000
1.03384304
0.00000000
0.00000000
0.00000000
0.00000000
0.00000000
0.00000000
0.25846076
0.00000000
0.00000000
0.00000000
0.00000000
0.00000000
0.00000000
0.00000000
0.00000000
0.00000000
0.00000000
0.00000000
0.00000000
0.00000000
0.00000000
0.00000000
-0.11121842
0.12923038
0.00000000
0.00000000
0.12923038
0.01801196
0.38769114
-0.07519451
0.38769114
0.01801196
0.12923038
0.00000000
0.12923038
0.12923038
-0.33365527
0.00000000
0.00000000
0.51692152
1.16307342
-1.74154210
0.38769114
0.12923038
0.38769114
-1.87077248
-0.09320647
0.00000000
0.00000000
0.12923038
0.00000000
0.00000000
0.00000000
0.00000000
-1.00000143
0.00000000
0.00000000
0.12923038
0.00000000
-1.00000143
0.00000000
0.00000000
0.00000000
0.00000000
0.00000000
0.00000000
0.00000000
0.00000000
0.00000000
0.00000000
0.00000000
0.00000000
0.00000000
0.00000000
0.00000000
0.00000000
0.00000000
0.00000000
0.00000000
0.00000000
0.00000000
0.00000000
0.00000000
0.00000000
0.00000000
0.00000000
0.00000000
-1.00000143
0.00000000
0.00000000
0.00000000
0.00000000
0.00000000
0.00000000
0.00000000
0.00000000
0.00000000
0.00000000
-1.00000143
0.00000000
0.00000000
0.00000000
0.00000000
0.00000000
0.00000000
0.00000000
0.00000000
0.00000000
0.00000000
0.00000000
0.00000000
0.00000000
0.00000000
0.00000000
0.00000000
0.00000000
0.00000000
0.00000000
0.00000000
0.00000000
0.00000000
0.00000000
0.00000000
0.00000000
0.00000000
0.00000000
0.00000000
0.00000000
0.00000000
-0.11121842
0.00000000
0.00000000
-0.31564331
-0.05718255
-0.11121842
2.47338918
3.52209750
1.86326119
7.39900890
5.12060457
0.53493348
0.25846076
-0.11121842
0.00000000
0.00000000
0.14724234
-1.00000143
0.00000000
-0.33365527
0.12923038
-0.44487369
1.71601886
0.95864853
0.44172701
0.75422364
1.23512125
0.05185357
2.28697625
2.42985398
4.51676995
6.91181794
4.00614178
0.14724234
0.01486528
0.14724234
0.14409566
1.80922532
-0.20442489
0.29133800
1.21710929
0.27017936
0.03287724
0.12923038
-0.37282586
1.86326119
0.00000000
0.00000000
0.01801196
-1.31660911
-1.92988378
-2.83764312
-1.00096580
-0.85372347
-2.66731340
0.29448467
0.25846076
1.06986696
1.42153418
1.80922532
1.93845570
-0.11121842
0.12923038
0.25846076
-0.11121842
0.25846076
0.12923038
0.38769114
-2.17033258
-4.22630006
-1.55705792
-4.29981938
1.31031576
0.92262462
0.77538228
-2.00000286
2.19691646
1.31031576
1.55076456
1.16307342
0.12923038
-1.96616125
1.03384304
-4.83957472
-10.68011525
-4.73464966
-0.48404428
-0.35384953
1.43954614
2.21492842
1.29230380
-0.00314668
0.64615190
0.77538228
0.38769114
0.51692152
1.55076456
0.12923038
1.03384304
0.34852055
-18.01738447
-9.82639179
-9.89747524
0.29448467
-8.76824343
-5.84054053
-5.32047233
-5.71131015
0.01801196
1.34633967
4.26460254
3.35684320
0.92262462
-4.13334715
-10.66524997
-7.17516160
1.93845570
1.31031576
-0.89507636
1.56877652
1.16307342
1.82723728
2.80389777
0.45973897
1.18108538
0.77538228
-8.97266832
-9.52876043
-6.17734247
2.71383798
1.36435163
2.97229874
3.48922026
3.48922026
1.06986696
1.42153418
2.36217076
5.11203265
1.19280398
1.55076456
5.05799678
-11.05294111
-17.27802610
-11.32626715
-7.98114255
-1.11218423
-1.74347085
-2.96590912
-1.66827634
0.00000000
0.00000000
0.00000000
0.29448467
0.00000000
0.77538228
0.90461266
-0.11121842
0.25846076
0.00000000
0.00000000
0.00000000
0.12923038
0.00000000
0.00000000
-0.77852896
-1.20539069
-0.77852896
-1.09417227
-3.55898952
-2.89167899
-3.78142637
-1.63225242
-0.66731054
-0.66731054
0.00000000
-2.00193161
-4.09706968
-0.33365527
0.12923038
0.12923038
1.67999494
1.29230380
0.00000000
0.00000000
-0.11121842
0.00000000
-1.00000143
0.00000000
0.00000000
-5.20925391
-11.27223128
-15.12885216
-4.20828810
6.57501599
10.40103820
12.89558601
9.90527532
3.31452593
5.77304983
3.90664196
6.97529384
6.09726506
9.91384724
9.34603652
8.71474990
6.24450740
10.62976840
9.64463225
10.78558266
9.94987115
3.20016083
3.35684320
1.10589087
7.85874787
6.34715390
6.95413521
2.80075109
3.17043027
6.35887250
6.83662343
3.54553470
5.40022397
9.69455707
9.30371925
7.49764061
10.43076876
6.32599527
5.89598686
3.91836056
3.75625294
6.77629420
8.24958569
5.11431122
7.09736276
13.46969008
8.38424131
8.55893564
11.25161499
11.25476167
8.67015406
9.14475831
4.82926658
5.49343044
-5.81080997
-9.33752564
-3.78046200
-12.75409469
-4.34381184
7.15856010
13.31711876
12.20397016
8.42026523
7.65117630
6.32284859
4.62169501
6.22964212
4.45329404
3.06778377
4.67887756
4.67887756
7.02303636
6.74341697
7.72322413
5.87482822
6.77401564
0.00000000
0.00000000
0.00000000
0.00000000
0.00000000
-3.00000429
-1.00000143
0.00000000
0.00000000
-2.00000286
0.00000000
0.00000000
0.00000000
0.00000000
0.00000000
0.00000000
-0.11121842
0.00000000
0.00000000
0.00000000
0.00000000
0.00000000
0.00000000
0.00000000
0.00000000
0.00000000
0.00000000
0.00000000
0.00000000
0.00000000
0.00000000
-1.00000143
0.25846076
0.00000000
0.00000000
0.00000000
0.00000000
0.51692152
0.00000000
0.00000000
0.00000000
-3.00000429
-1.00000143
-1.00000143
0.00000000
0.00000000
0.00000000
0.00000000
-1.00000143
-3.00000429
-3.00000429
-11.00001574
0.00000000
0.00000000
0.00000000
-1.00000143
0.00000000
0.00000000
0.00000000
0.00000000
0.00000000
-1.00000143
0.00000000
0.00000000
0.00000000
0.00000000
0.00000000
0.00000000
0.00000000
0.00000000
0.00000000
0.00000000
-1.00000143
0.00000000
0.00000000
0.00000000
0.00000000
0.00000000
0.00000000
0.00000000
0.00000000
0.00000000
0.00000000
0.00000000
0.00000000
0.00000000
0.00000000
0.00000000
0.00000000
0.00000000
0.00000000
0.00000000
0.00000000
0.00000000
0.00000000
0.00000000
0.00000000
0.00000000
0.00000000
0.00000000
0.00000000
0.00000000
0.00000000
0.00000000
-2.11122128
0.00000000
0.00000000
0.00000000
0.00000000
0.00000000
0.00000000
0.64615190
0.00000000
