-5.03767788
-10.07535577
-10.07535577
-7.05274904
0.00000000
0.00000000
0.00000000
-5.03767788
0.00000000
0.00000000
-2.01507115
0.00000000
1.65029779
9.40669741
1.32023823
0.00000000
0.00000000
0.00000000
0.00000000
0.00000000
0.00000000
0.00000000
0.00000000
0.00000000
0.00000000
0.00000000
0.00000000
0.00000000
0.00000000
0.00000000
0.00000000
-1.00753558
0.00000000
0.00000000
0.00000000
-2.01507115
0.00000000
0.00000000
0.00000000
0.00000000
0.00000000
0.00000000
0.00000000
0.00000000
0.00000000
-1.00753558
0.00000000
0.00000000
0.00000000
0.00000000
0.00000000
0.00000000
0.00000000
0.00000000
0.00000000
0.00000000
0.00000000
0.00000000
0.00000000
0.00000000
0.00000000
0.00000000
0.00000000
-0.33439249
0.00000000
0.00000000
0.00000000
-1.00753558
0.00000000
0.00000000
-2.01507115
0.00000000
0.00000000
0.00000000
0.00000000
0.00000000
0.00000000
-1.00753558
0.00000000
0.00000000
0.00000000
0.00000000
0.00000000
0.00000000
0.00000000
0.00000000
0.00000000
0.00000000
0.00000000
-1.00753558
0.00000000
0.00000000
0.00000000
0.00000000
0.00000000
0.00000000
3.79568492
12.37723343
6.93125072
1.98035735
27.88569973
49.67396350
40.59515919
42.05440444
4.92706226
26.05087398
36.63227803
34.48905736
22.76761012
4.78586359
1.96300045
13.69313873
13.03735255
27.39494333
3.13339934
6.59469177
21.12381172
23.91848564
18.48116879
2.14538713
36.29355261
18.80689542
48.18002963
28.69135045
0.00000000
-1.00753558
-1.00753558
-7.04839092
-12.42481941
-2.01507115
-9.56940892
-17.12810481
-1.00753558
-11.08289135
-0.16719624
-7.05274904
-4.03014231
-11.08289135
-9.40221268
-6.04521346
-13.09796250
-7.21994528
-12.42481941
-6.87683657
-8.06028461
-10.23383579
-28.54103053
-18.63722911
-11.76903322
-0.50158873
-14.27702725
-9.23501644
-2.01507115
-22.68689479
-6.54680219
-18.80442536
-14.60272869
-6.88769408
-4.53173104
-6.71399844
-7.04839092
-11.07853323
-19.64476469
-12.75921190
-3.53505297
-4.19733855
-15.44959261
-11.58012196
-10.07535577
-6.37524784
-8.06028461
-4.37755877
-4.03014231
-11.07853323
-9.74529621
-12.25762317
-4.03014231
-6.37960595
-2.01507115
-0.33655895
-11.08939074
-2.01507115
-11.25008759
-13.61040874
-6.04737993
-2.01507115
0.66011912
-11.07853323
-15.10867554
-9.06346208
-5.20051602
-1.51998182
-4.03014231
-7.21994528
-4.19733855
-6.37960595
-2.01507115
-4.03014231
-6.37960595
-7.55433777
-8.06028461
-7.21994528
-1.00753558
-4.19076361
-0.83598122
-0.33439249
-1.35490167
-2.18005057
-0.50158873
-0.83598122
-2.67513990
-11.22393891
-2.84233615
-0.16719624
-2.17355117
-0.33439249
0.00000000
0.33005956
0.00000000
0.00000000
0.00000000
-1.50476620
0.33005956
0.00000000
0.00000000
0.00000000
0.00000000
0.00000000
0.00000000
0.00000000
0.00000000
0.00000000
0.00000000
0.00000000
0.00000000
0.00000000
0.00000000
0.00000000
0.00000000
-1.83915868
-4.01270986
-1.50476620
-4.18207256
-1.00534393
-4.52298963
-5.51964252
-3.69136652
-3.84551361
-2.50794366
-3.34828299
-6.02994747
-4.52301481
-4.51429859
-4.02140090
-7.85822347
-6.70734794
-1.84349161
-3.00953239
-3.35264111
-5.51747605
-11.05238456
-5.35027981
-2.00635493
-0.33439249
-1.67196244
0.00000000
-0.16719624
-0.16719624
0.00000000
0.00000000
0.00000000
-0.16719624
-0.16719624
0.00000000
0.00000000
0.00000000
0.00000000
0.00000000
0.00000000
0.00000000
-0.16719624
0.00000000
-0.33439249
0.00000000
-0.66878498
-1.34192806
0.00000000
0.00000000
0.00000000
0.00000000
0.00000000
0.00000000
0.00000000
0.00000000
0.00000000
0.00000000
0.00000000
0.00000000
0.00000000
0.00000000
0.00000000
0.00000000
0.00000000
0.00000000
0.00000000
0.00000000
0.00000000
0.00000000
0.00000000
-0.33439249
-1.00753558
0.00000000
-0.16719624
0.00000000
0.00000000
0.00000000
0.00000000
0.00000000
0.00000000
0.00000000
-1.17473182
0.00000000
0.00000000
0.00000000
0.00000000
0.00000000
0.00000000
0.00000000
0.00000000
-0.16719624
0.00000000
0.00000000
0.00000000
0.00000000
0.00000000
0.00000000
0.00000000
0.00000000
0.00000000
0.00000000
0.00000000
0.00000000
0.00000000
-0.16719624
1.15520845
-0.01299879
-0.00216646
-1.18987189
-1.02700858
1.62430021
-3.16985080
-11.28230755
-10.10110152
-21.46394671
-15.69007091
-6.08844203
0.16502978
0.49508934
0.49508934
0.66011912
0.65795265
-6.04521346
0.00000000
0.33005956
-0.51242106
2.10855722
-7.04174043
-1.04867323
-5.71283634
-3.56094982
-1.76295397
-10.38783178
-1.18987189
-14.07481501
-6.04506236
-13.00409868
-9.72987913
-1.17037371
3.11173469
0.15853038
-3.29805067
-7.19810435
-0.00649939
1.27257600
-0.20835908
1.37477830
-9.36732259
-0.50375520
-4.38826518
-3.69564909
-1.84132515
-0.66878498
-0.33872542
0.97717988
2.96403663
8.74657829
1.48526801
3.46562536
0.66011912
-0.51675399
-2.34074742
-5.36544506
-7.69536015
-0.83598122
-1.00751039
-0.33655895
-0.33439249
-0.33872542
0.16502978
-0.83598122
-0.16719624
0.48858994
11.21985851
1.59822708
0.65795265
-3.53069486
-4.52513091
-4.51646505
-6.37086454
-0.16719624
-6.01906478
-1.83915868
-6.71168087
-1.01400979
-0.50158873
-0.84248061
-3.00953239
8.07995978
16.16208602
20.27483171
0.32572663
0.32789309
-6.01906478
-8.19478242
-5.01588732
-1.33756995
-0.66878498
0.32572663
-4.34710234
-5.37849422
-2.18438350
-0.33439249
-1.50476620
1.80882818
25.24305680
15.65830564
14.18822807
2.14538713
20.46152614
7.58920337
6.05403112
4.94439398
0.00000000
-3.01169886
-6.21442507
-7.04174043
-1.53942963
-6.05387932
25.23439094
9.40453094
-5.35244627
-7.19812953
-0.52111210
-1.67846183
-1.67846183
-9.20229281
-9.69738215
-5.69772145
-1.50476620
-0.51025459
16.66584122
18.48333526
13.18505061
-0.67528437
-1.67196244
-6.02339771
-8.19694889
-9.88198566
0.16069685
-2.85533494
-10.20113735
-14.04881743
-14.07264854
-7.53466330
-17.06268275
37.45309399
43.72422560
34.98631316
25.07802702
0.33005956
2.64047647
4.12141155
1.31157237
-0.83598122
0.00000000
0.00000000
0.00000000
-0.17369564
-0.01299879
-1.84565808
0.00000000
-0.00433293
0.16502978
0.00000000
0.82514890
-0.66878498
-0.50158873
0.16502978
2.31041691
5.94107205
5.77604227
7.59136984
8.91160807
16.99156785
8.08645917
2.62747768
5.11592315
1.15520845
0.00000000
3.63065514
8.91160807
0.49508934
-0.33439249
0.15636392
-5.01805378
-3.01386532
0.00000000
0.00000000
0.00000000
0.00000000
0.16502978
0.00000000
0.16502978
11.88214409
33.99613449
35.64209935
2.46028143
-17.30570526
-20.16104020
-16.92760503
-23.06837030
0.59079224
-8.42480615
-11.62969883
-16.16349560
-16.19815904
-25.35062316
-23.03370686
-16.56288204
-15.87893181
-19.15138853
-13.70976393
-22.71664609
-15.75073193
-14.83675797
-7.79068461
-1.13533182
-13.20379190
-3.42587210
-14.55652711
-18.94950366
-12.10095705
-19.96351345
-20.66046247
0.25244527
-14.68689345
-20.12816478
-23.43742622
-12.45013635
-16.66470589
-12.71953489
-12.70870256
-6.56360437
-4.46373819
-10.98220006
-20.40839565
-23.15502889
-11.60294436
-12.71049058
-26.16239482
-28.90940651
-28.44464768
-31.09162354
-25.26141965
-18.46053527
-4.38355380
-7.55380823
28.22480360
37.90485403
45.54821903
61.05885179
36.40442076
2.65423214
-9.12354319
-5.98581092
-0.14044178
1.09709235
5.78508657
6.44520569
1.11442406
0.27844284
3.12077899
-6.52677447
-6.67230606
-12.16378453
-12.15078574
-11.97492364
-3.01348688
-7.80373377
-1.00753558
-1.17473182
-3.02260673
0.00000000
0.00000000
-1.00753558
-3.02260673
0.00000000
0.00000000
-1.00753558
0.00000000
0.00000000
0.16502978
-0.00216646
-0.33439249
-0.17152917
-0.66878498
-1.33973642
0.00000000
0.00000000
0.00000000
0.00000000
0.00000000
0.00000000
0.00000000
0.00000000
5.44598271
10.06681652
17.98824592
7.92142940
15.67782901
5.94107205
2.14538713
0.82514890
-0.67747602
2.64047647
-0.00216646
1.44188835
0.99017867
-0.50158873
0.16502978
0.00000000
0.16502978
0.00000000
0.00000000
0.00000000
0.00000000
0.00000000
0.00000000
-2.01507115
-1.00753558
0.00000000
0.00000000
0.00000000
0.00000000
-1.00753558
0.00000000
0.00000000
2.14538713
0.49508934
0.00000000
0.00000000
0.00000000
0.00000000
0.00000000
0.00000000
0.00000000
-2.01507115
0.00000000
0.00000000
0.00000000
0.00000000
0.00000000
0.00000000
0.00000000
0.00000000
0.00000000
0.00000000
0.00000000
0.00000000
0.00000000
-1.00753558
0.00000000
0.00000000
0.00000000
0.00000000
0.00000000
0.00000000
0.00000000
0.00000000
0.00000000
0.00000000
0.00000000
0.00000000
0.00000000
0.00000000
0.00000000
0.00000000
0.00000000
0.00000000
0.00000000
0.00000000
0.00000000
-1.00753558
0.00000000
0.00000000
-1.00753558
0.00000000
0.00000000
0.00000000
-0.16719624
-0.66878498
-1.83915868
