-4.12208766
-8.24417531
-8.24417531
-5.77092272
0.00000000
0.00000000
0.00000000
-4.12208766
0.00000000
0.00000000
-1.64883506
0.00000000
-3.40019107
-19.38108909
-2.72015285
0.00000000
0.00000000
0.00000000
0.00000000
0.00000000
0.00000000
0.00000000
0.00000000
0.00000000
0.00000000
0.00000000
0.00000000
0.00000000
0.00000000
0.00000000
0.00000000
-0.82441753
0.00000000
0.00000000
0.00000000
-1.64883506
0.00000000
0.00000000
0.00000000
0.00000000
0.00000000
0.00000000
0.00000000
0.00000000
0.00000000
-0.82441753
0.00000000
0.00000000
0.00000000
0.00000000
0.00000000
0.00000000
0.00000000
0.00000000
0.00000000
0.00000000
0.00000000
0.00000000
0.00000000
0.00000000
0.00000000
0.00000000
0.00000000
0.66961443
0.00000000
0.00000000
0.00000000
-0.82441753
0.00000000
0.00000000
-1.64883506
0.00000000
0.00000000
0.00000000
0.00000000
0.00000000
0.00000000
-0.82441753
0.00000000
0.00000000
0.00000000
0.00000000
0.00000000
0.00000000
0.00000000
0.00000000
0.00000000
0.00000000
0.00000000
-0.82441753
0.00000000
0.00000000
0.00000000
0.00000000
0.00000000
0.00000000
-7.82043946
-25.50143301
-14.28080249
-4.08022928
-57.47365284
-102.34575117
-83.64991218
-89.59546387
-10.25790399
-53.78034967
-75.49466550
-71.06920522
-46.93827242
-9.86055410
-6.94476146
-28.23200965
-26.86150944
-56.44317174
-6.46557492
-13.61639994
-43.52244568
-49.32882994
-38.08735186
-4.42024839
-74.83547485
-38.77781385
-99.30642676
-59.22065538
0.00000000
-0.82441753
-0.82441753
-2.93766189
-9.22339594
-1.64883506
-6.41533613
-14.01509804
-0.82441753
-9.06859285
0.33480722
-5.77092272
-3.29767013
-9.06859285
-6.75014335
-4.94650519
-10.71742791
-5.43611550
-9.22339594
-0.43920827
-6.59534025
-2.24284643
-19.58081561
-13.83509392
-10.59389615
1.00442165
-11.21746200
-7.08495057
-1.64883506
-20.00250810
-3.94208354
-13.50028670
-7.70416296
-3.28810477
-2.29324847
-3.60727632
-2.93766189
-6.23533201
-14.65951145
-8.55378151
-4.31772745
-2.96286291
-11.70186043
-5.23091036
-8.24417531
-1.44362992
-6.59534025
-5.48216408
-3.29767013
-6.23533201
-8.92421353
-9.55820316
-3.29767013
-4.27689075
-1.64883506
0.66440254
-9.08422852
-1.64883506
-8.73378563
-12.56190276
-4.95171708
-1.64883506
-1.36007643
-6.23533201
-9.53300214
-4.58649695
-0.95401961
-2.66889238
-3.29767013
-5.43611550
-2.96286291
-4.27689075
-1.64883506
-3.29767013
-4.27689075
-4.76650107
-6.59534025
-5.43611550
-0.82441753
5.52128392
1.67403609
0.66961443
2.63676262
4.33685815
1.00442165
1.67403609
5.35691547
8.26577938
5.69172269
0.33480722
4.35249382
0.66961443
0.00000000
-0.68003821
0.00000000
0.00000000
0.00000000
3.01326495
-0.68003821
0.00000000
0.00000000
0.00000000
0.00000000
0.00000000
0.00000000
0.00000000
0.00000000
0.00000000
0.00000000
0.00000000
0.00000000
0.00000000
0.00000000
0.00000000
0.00000000
3.68287939
8.03537321
3.01326495
8.36496854
2.00363141
6.19611025
11.04342628
1.68881333
7.70056599
5.02210826
3.86288351
6.38132626
3.37327319
9.03979486
5.19168860
15.73593920
13.34538168
3.67245561
6.02652991
1.02962267
11.04863816
10.76423299
10.71383095
4.01768661
0.66961443
3.34807217
0.00000000
0.33480722
0.33480722
0.00000000
0.00000000
0.00000000
0.33480722
0.33480722
0.00000000
0.00000000
0.00000000
0.00000000
0.00000000
0.00000000
0.00000000
0.33480722
0.00000000
0.66961443
0.00000000
1.33922887
-0.15480310
0.00000000
0.00000000
0.00000000
0.00000000
0.00000000
0.00000000
0.00000000
0.00000000
0.00000000
0.00000000
0.00000000
0.00000000
0.00000000
0.00000000
0.00000000
0.00000000
0.00000000
0.00000000
0.00000000
0.00000000
0.00000000
0.00000000
0.00000000
0.66961443
-0.82441753
0.00000000
0.33480722
0.00000000
0.00000000
0.00000000
0.00000000
0.00000000
0.00000000
0.00000000
-0.48961031
0.00000000
0.00000000
0.00000000
0.00000000
0.00000000
0.00000000
0.00000000
0.00000000
0.33480722
0.00000000
0.00000000
0.00000000
0.00000000
0.00000000
0.00000000
0.00000000
0.00000000
0.00000000
0.00000000
0.00000000
0.00000000
0.00000000
0.33480722
-2.38013375
-0.03127134
-0.00521189
2.29674351
1.95151252
-3.46273375
5.64085007
22.23924363
19.92165256
42.70417899
30.79829836
6.24060524
-0.34001911
-1.02005732
-1.02005732
-1.36007643
-1.36528832
-4.94650519
0.00000000
-0.68003821
0.97836220
-4.50885051
14.01499611
1.89939362
11.31569082
6.91107810
3.12917280
20.70592856
2.29674351
28.05083978
11.99051714
25.46744233
19.34064025
2.34365052
-6.51769382
-0.35565478
6.06947130
14.37586278
-0.01563567
-2.83481443
0.23578131
-3.32597834
18.73878038
0.99920976
8.60596174
7.32406366
3.67766750
1.33922887
0.65919065
-2.07138598
-6.13597959
-18.02101266
-3.06017196
-7.14040124
-1.36007643
0.96793842
4.68730104
10.67734772
15.39070821
1.67403609
1.99841952
0.66440254
0.66961443
0.65919065
-0.34001911
1.67403609
0.33480722
-1.03569299
-23.12651116
-11.99378759
-1.36528832
-1.48446661
9.01373541
9.03458297
4.21246797
0.33480722
12.05305982
3.68287939
13.33495790
1.98278385
1.00442165
1.65840042
6.02652991
-16.67657191
-33.34793192
-41.87968093
-0.69046199
-0.68525010
12.05305982
16.40034175
10.04421651
2.67845774
1.33922887
-0.69046199
8.70498765
5.00040227
4.32643437
0.66961443
3.01326495
-3.75584584
-52.03855902
-35.17155921
-29.25206697
-4.42024839
-42.16758114
-15.64609081
-21.17430347
-10.21620888
0.00000000
6.02131802
12.32011247
14.01499611
2.92987472
-4.96735275
-52.05940658
-19.38630098
10.70861906
11.55302572
-1.86532241
3.33243650
3.33243650
18.39876127
19.41881859
5.70649993
3.01326495
0.98357409
-34.34714168
-38.08213997
-27.24322367
1.32359320
3.34807217
12.04263604
16.39512986
11.24341953
-0.35044289
5.66045135
20.41802835
28.11338246
28.05605167
15.04026532
34.12948859
-77.20518482
-90.12591088
-72.08405066
-51.69853991
-0.68003821
-5.44030571
-8.51090145
-2.74100041
1.67403609
0.00000000
0.00000000
0.00000000
0.31917155
-0.03127134
3.66724372
0.00000000
-0.01042378
-0.34001911
0.00000000
-1.70009553
1.33922887
1.00442165
-0.34001911
-4.76026750
-12.24068785
-11.90066874
-15.64087892
-18.36103177
-35.03760368
-16.66093624
-5.47157705
-10.54059231
-2.38013375
0.00000000
-7.48042035
-18.36103177
-1.02005732
0.66961443
-0.36086667
10.03900462
6.01610613
0.00000000
0.00000000
0.00000000
0.00000000
-0.34001911
0.00000000
-0.34001911
-24.48137569
-70.04393601
-73.45455086
-5.13676983
34.28187966
39.94233102
32.98038030
45.47769701
-1.52685690
16.58400416
22.87758672
31.87047458
31.78708434
50.30571908
45.56108725
32.38373232
31.08098668
35.12628633
21.07239497
44.84977770
30.65236545
29.16595739
15.16138506
1.69091803
25.72407120
5.76196980
28.36604571
37.69770640
23.95497483
39.68049026
40.95196456
-1.60378897
28.78945506
39.28438663
46.06392121
23.85198331
32.13877350
24.67795444
24.70401388
12.21712095
4.86458582
20.75011623
40.08429831
45.26922143
21.46788394
23.96267927
51.30096322
57.22200906
56.12898529
61.55365533
49.78328383
35.92589068
7.88026279
11.43439853
-58.86896622
-78.32947993
-93.84527349
-125.81228143
-75.30579120
-6.88127983
17.11414385
10.65899271
-1.07489556
-3.25697750
-12.61594391
-13.97602034
-3.21528238
-1.54124629
-7.23296899
12.30572307
12.69264919
23.80383003
23.83510137
23.52114171
5.27998340
9.48443961
-0.82441753
-0.48961031
-2.47325259
0.00000000
0.00000000
-0.82441753
-2.47325259
0.00000000
0.00000000
-0.82441753
0.00000000
0.00000000
-0.34001911
-0.00521189
0.66961443
0.32438344
1.33922887
2.67324585
0.00000000
0.00000000
0.00000000
0.00000000
0.00000000
0.00000000
0.00000000
0.00000000
-11.22063053
-20.74116552
-37.06208265
-16.32091713
-32.30181515
-12.24068785
-4.42024839
-1.70009553
-1.50445575
-5.44030571
-0.00521189
-8.81008387
-2.04011464
1.00442165
-0.34001911
0.00000000
-0.34001911
0.00000000
0.00000000
0.00000000
0.00000000
0.00000000
0.00000000
-1.64883506
-0.82441753
0.00000000
0.00000000
0.00000000
0.00000000
-0.82441753
0.00000000
0.00000000
-4.42024839
-1.02005732
0.00000000
0.00000000
0.00000000
0.00000000
0.00000000
0.00000000
0.00000000
-1.64883506
0.00000000
0.00000000
0.00000000
0.00000000
0.00000000
0.00000000
0.00000000
0.00000000
0.00000000
0.00000000
0.00000000
0.00000000
0.00000000
-0.82441753
0.00000000
0.00000000
0.00000000
0.00000000
0.00000000
0.00000000
0.00000000
0.00000000
0.00000000
0.00000000
0.00000000
0.00000000
0.00000000
0.00000000
0.00000000
0.00000000
0.00000000
0.00000000
0.00000000
0.00000000
0.00000000
-0.82441753
0.00000000
0.00000000
-0.82441753
0.00000000
0.00000000
0.00000000
0.33480722
1.33922887
3.68287939
