-4.99494731
-4.99494731
-4.99494731
-4.99494731
-2.99696839
-8.99090517
-4.99494731
0.03341302
0.08104187
0.04139163
-0.99898946
-0.99898946
-0.99898946
-0.99898946
-0.99898946
-2.99696839
-0.99898946
-0.99898946
-0.99898946
-0.99898946
-0.99898946
-0.99898946
-0.99898946
-0.99898946
-0.99898946
-1.99797893
0.24037115
-0.23578211
0.26580557
-1.14963788
-0.43408604
-0.34243590
0.91319124
1.95937946
-10.14729737
-3.09661701
0.55549490
0.13111925
-5.05963412
-0.32015719
0.03815163
-0.36980175
-0.56541651
1.04102787
0.23713116
-1.33198460
-0.04988734
0.84327261
-2.23208001
0.04613023
-1.55483682
0.25434420
2.69467718
1.92596644
-0.99898946
-3.99595785
-9.98989463
-5.99393678
-13.98585248
-2.99696839
-8.99090517
-5.99393678
-2.99696839
-8.99851835
-7.99191570
-5.99393678
-10.99649727
-10.98087692
-13.92376504
-18.98079979
-25.97626376
-6.80920165
-2.07559564
-15.99144459
-7.99191570
-10.80262177
-0.99898946
-7.99952888
-12.99447620
-14.95106350
-5.93184934
-10.98888409
-0.99898946
-5.99393678
-5.99393678
-6.99292624
-2.99696839
-7.99191570
-11.98787355
-8.07714560
-4.99494731
-6.99292624
-7.99191570
-3.99595785
-5.99393678
-9.98989463
-8.99090517
-6.99292624
-1.99797893
-1.99797893
-3.99595785
-0.99898946
-2.99696839
-6.95153461
-0.99898946
-7.00307715
-14.98484194
-6.96676098
-3.97526204
-7.99191570
-3.15779629
-6.99292624
-3.99595785
-2.99696839
-5.99393678
-6.99292624
-5.99393678
-4.99494731
-4.99494731
-4.99494731
-0.99898946
-0.09076186
-6.00408769
-3.95456623
-1.99797893
-0.99898946
-0.99898946
-7.99191570
-1.99797893
-0.09076186
-1.00152719
-0.99898946
-0.98083138
-2.99696839
-1.93589149
-2.99696839
-0.98083138
-0.99898946
-0.99898946
-0.99898946
0.06208744
-3.99595785
-5.93184934
-4.07357457
-2.99950612
-1.00152719
-2.99696839
-2.99696839
-0.95759784
-0.99898946
-0.99898946
-1.00152719
-0.99898946
-0.99898946
-0.99898946
0.02069581
-0.07507899
-0.91874394
-3.36762899
0.02069581
-15.94165179
-33.49148934
-16.95118616
-65.19154805
-59.21429932
-5.43741406
-1.99797893
0.02069581
-1.97728311
-0.99898946
0.06208744
-1.00152719
0.08278325
-14.98151623
-7.98127972
-5.25161252
-6.91265214
-12.13776255
-8.96727763
-22.14795900
-36.39221679
-41.79038639
-72.53747157
-30.00481807
-1.97982084
-7.16934592
-2.13251654
-8.21972433
-14.01376748
-0.93943975
-7.78202585
-12.17893808
-12.19040135
-8.25655951
-1.00152719
-3.83800453
-16.95626161
-1.09228905
-1.39868990
-1.93148973
-0.53203290
-0.03665302
-0.38401757
-2.43109239
-4.18509474
-1.99797893
-7.90913245
-10.99649727
-13.98585248
-15.00260603
-0.09076186
-1.00152719
-2.00051665
-0.09076186
-2.00305438
-0.99898946
-2.99696839
-0.24211254
-0.21667812
0.17828371
-12.20308463
-8.93389318
-7.97629534
-5.99393678
-2.07305791
-16.98282087
-10.97326373
-10.96818828
-8.99090517
-0.99898946
-11.00411046
-7.99191570
-3.77628464
1.02748764
-6.01099774
-3.93130411
-5.99393678
-11.97732865
-18.07764764
-10.00004554
-4.83191854
-4.99748504
-4.98440241
-3.07204738
-4.00610876
-11.99294901
-1.00152719
-7.99191570
-7.44673552
-0.40046033
-1.17090904
-0.90373178
-4.06602389
0.15233218
-2.62581972
0.03167164
0.23630814
-1.09228905
-12.93492649
-32.97934091
-32.38261819
-7.97121989
-5.85194066
-5.85218557
0.83703540
-14.99499285
-10.97072601
-11.70320763
-12.96616720
-8.99344289
-14.98444795
-25.90577515
-7.13305832
-10.09588285
-5.99393678
-1.04386386
0.00422149
-1.45878426
-20.98639190
-14.21861154
-22.98437083
-26.99555504
-26.98286641
-8.94150636
-10.99142182
-19.95616172
-42.89660320
-19.60179517
-12.01071310
-40.07317992
-0.05933300
-0.78762469
-0.60234172
0.52161682
-0.09103619
-0.97884233
-1.21242759
-0.87921847
-4.07363708
-6.00916314
-7.00053942
0.02069581
-2.00305438
-0.99898946
-0.07507899
-0.07804465
-0.39970044
0.03341302
0.06181310
0.32789301
-0.91085855
-0.52469833
-1.18629090
-0.54457113
0.12417488
-1.44949836
0.09736877
0.06208744
-1.00152719
-0.99898946
-12.98940074
-6.93337653
0.02069581
-0.99898946
-1.34562019
0.54687011
-0.95719040
-0.75167882
-78.26938584
-97.61392474
-104.88589923
-86.58247977
-39.72270684
-51.84744391
-41.22160724
-56.87247853
-66.75488633
-104.41250850
-94.87357714
-96.23791567
-71.95343748
-90.01950110
-97.76230764
-111.00617271
-103.38617179
-47.70190533
-28.98072568
-10.91332003
-71.82314803
-53.97427917
-64.01822549
-31.32289703
-30.95260185
-66.28961482
-69.07877458
-59.16771258
-56.57591195
-98.53283609
-105.52164862
-84.03965750
-112.10094234
-56.82154182
-63.05909511
-47.54783688
-48.01983605
-75.94795387
-60.76788904
-68.55306380
-102.97463534
-103.99726069
-86.54664976
-74.26808247
-103.26550991
-97.37752742
-79.91971206
-92.05059227
-50.45651755
-55.56875740
-17.52687536
-4.41072594
-0.48159414
-1.77258965
-8.41206753
-49.99143361
-106.29164748
-114.76819061
-88.17789117
-68.61099928
-59.48796920
-59.52936083
-66.02669217
-58.56956211
-53.59570461
-55.14458429
-51.38752756
-62.34355053
-74.63165323
-77.77346373
-73.15412746
-55.35945315
-2.99696839
-0.99898946
-1.99797893
0.02069581
-0.99898946
-1.99797893
-3.99595785
-2.99696839
-0.99898946
-0.99898946
-0.99898946
-2.99696839
-2.99696839
-10.98888409
-0.99898946
-0.99898946
-0.99898946
-2.08874078
-4.99494731
