-0.66751677
-1.50957415
-1.00127515
0.00000000
0.00000000
0.08360510
-1.00127515
0.20901276
-2.19275322
0.00000000
-1.66879192
0.00000000
0.00000000
0.00000000
0.00000000
0.00000000
0.00000000
0.00000000
0.00000000
0.00000000
0.00000000
0.00000000
0.00000000
0.00000000
0.16721021
0.00000000
0.00000000
0.00000000
0.00000000
0.00000000
0.00000000
0.00000000
0.00000000
0.00000000
0.00000000
0.00000000
0.00000000
0.00000000
0.00000000
0.00000000
0.00000000
0.00000000
0.00000000
0.00000000
0.00000000
0.00000000
0.00000000
0.00000000
0.00000000
0.00000000
0.00000000
0.00000000
0.00000000
0.00000000
0.00000000
0.00000000
0.00000000
0.04180255
-0.94382721
-4.51824449
-6.55329777
-13.75859570
-10.26263298
-9.82043639
-11.53652087
-5.52368560
-2.14362026
-2.75817760
-5.57281855
-3.11458922
-7.09473625
-6.35458609
-8.52752797
-11.52422510
-7.35737047
-0.33375838
0.00000000
-2.72439834
-1.66879192
-2.00255030
-0.62571422
-0.33375838
-0.29195583
-2.00255030
-2.15599468
-1.66879192
-2.67006707
-3.00382546
-6.34140930
-3.00382546
-2.54985774
-3.00382546
-4.33885899
-5.13911382
-1.00127515
-4.33885899
-3.70457727
-1.66879192
0.00000000
0.00000000
-1.66879192
-1.00127515
-3.00382546
-2.94372079
-1.87714265
-1.68411475
-1.33503354
-2.33630869
-1.01659799
-3.21737450
-2.33630869
-1.33503354
0.00000000
-3.61123756
-2.00255030
-3.55113289
-1.66879192
-1.66879192
-6.00187752
-1.96074775
-1.33503354
-1.72312319
0.00000000
-0.56560955
-1.00127515
0.00000000
-1.00127515
-1.17581576
-1.60868725
0.00000000
0.00000000
0.00000000
-0.17454061
0.00000000
0.00000000
0.00000000
-0.17454061
0.00000000
0.00000000
0.00000000
0.00000000
0.00000000
0.00000000
0.00000000
0.00000000
-1.17302165
0.00000000
-0.84205738
-0.33375838
0.00000000
0.00000000
0.00000000
-1.82938153
-1.66879192
0.00000000
-0.60741210
-1.88234097
0.00000000
-0.66751677
-0.33375838
-0.33375838
0.00000000
0.00000000
0.00000000
0.00000000
0.00000000
0.00000000
0.00000000
0.00000000
0.00000000
0.00000000
0.08360510
0.00000000
0.04180255
0.00000000
0.00000000
0.04180255
0.00000000
0.00000000
0.00000000
0.00000000
0.00000000
0.00000000
0.00000000
0.04180255
0.12540765
0.00000000
0.00000000
0.00000000
0.00000000
0.00000000
0.00000000
0.00000000
0.00000000
0.00000000
0.00000000
0.00000000
0.00000000
0.00000000
0.00000000
-0.34908122
0.00000000
0.00000000
0.00000000
0.12540765
-0.62188774
0.00000000
0.00000000
0.00000000
-1.00562627
-1.82938153
-6.39587530
-28.53459157
-2.15514749
0.00000000
-0.09093551
0.00000000
0.00000000
0.04180255
-0.09093551
-2.30405558
-3.65161783
-4.64991370
-6.17934697
-13.85936111
-18.06174251
-9.46759312
-4.12629187
-7.24714265
-4.25884476
-4.51717564
-4.90824458
-5.73199984
-5.39776460
-0.60741210
-2.34604330
-5.33448418
-4.02176441
-1.00544110
-1.87118408
-0.33375838
-11.66422325
-4.82028836
-1.01659799
-0.66751677
0.00000000
0.00000000
-1.57142099
-2.02591335
-4.95062221
-3.67134222
-1.19132376
-2.84460768
-3.17836607
-0.94117048
-1.56688470
-0.20386222
-1.36185272
-1.35452232
-0.66751677
-6.10099062
-6.07412100
-1.29758210
-1.05773851
-1.62698937
-0.96382372
-1.10007431
-5.78401117
-5.23839814
-6.81659402
-2.84396257
-2.14380543
-11.74398231
-3.65374992
-3.94033917
-4.44930020
-1.21482420
-4.58564308
-5.98078129
-5.18785686
-5.90395108
-0.77377511
-3.73884199
-9.57259176
-7.81554631
-0.56560955
-4.60673931
-4.99482897
-12.08852724
-3.85561744
-7.70447956
-10.78978099
-7.35269679
-7.51990700
-0.79642835
-1.04724365
0.00000000
0.00000000
-0.60741210
0.04180255
0.00000000
-0.52380700
0.08360510
0.00000000
0.04180255
-0.34908122
-1.04724365
-2.84178270
-2.84911310
-2.40928155
-0.44734713
0.12540765
-2.24188617
-1.82223630
-3.08600828
-2.91426179
0.00000000
0.04180255
0.04180255
0.00066203
-5.62195151
-9.82776679
-43.60022894
-29.57580100
-30.85097940
-21.73442571
-8.82533853
-25.49649870
-29.61464384
-24.36490927
-21.59733653
-16.40045487
-7.39799765
-12.64666899
-19.01842100
-12.32871030
-17.69210928
-28.05434887
-32.82448320
-18.49898469
-32.80775766
-30.28695772
-29.44928233
-14.74877840
-23.52464450
-29.85846822
-34.23870899
-44.82204407
-48.72186827
-38.47685873
-35.78563934
-19.68612294
-5.76846669
-2.38195463
-4.23295704
-21.48982979
-33.35867554
-27.96898202
-16.25361151
-16.26075675
-18.24342836
-24.26164151
-26.25841841
-32.07420853
-25.93058773
-3.21160111
0.00000000
0.00000000
-0.33375838
-1.00127515
0.00000000
0.00000000
0.00000000
-0.17454061
0.00000000
0.00000000
0.00000000
0.00000000
0.00000000
0.00000000
0.20901276
0.58523572
0.25081531
0.75244593
0.83605103
-0.02199121
-0.04913295
-0.44001672
0.04180255
-2.36729383
0.00000000
-0.17454061
0.00000000
0.00000000
0.00000000
0.04180255
0.00000000
0.20901276
-0.65635988
0.04180255
-0.34908122
0.00000000
0.00000000
0.00000000
0.00000000
0.00000000
0.00000000
0.00000000
0.00000000
0.00000000
0.00000000
0.00000000
0.00000000
0.00000000
0.00000000
0.00000000
0.00000000
0.00000000
0.00000000
0.00000000
0.00000000
0.00000000
0.00000000
0.00000000
0.00000000
0.00000000
0.00000000
0.00000000
0.00000000
0.00000000
0.00000000
0.00000000
0.00000000
-0.60741210
