-1.15384191
-2.76922059
-1.38461030
-0.46153677
0.00000000
0.00000000
-1.38461030
-4.03713942
-10.39187497
0.00000000
-1.84614706
0.00000000
0.00000000
0.00000000
0.00000000
0.00000000
0.00000000
0.00000000
-0.50464243
0.00000000
0.00000000
0.00000000
0.00000000
0.00000000
0.00000000
0.00000000
0.00000000
0.00000000
0.00000000
0.00000000
0.00000000
0.00000000
0.00000000
0.00000000
0.00000000
0.00000000
0.00000000
0.00000000
-1.00928485
0.00000000
0.00000000
-0.50464243
0.00000000
0.00000000
0.00000000
0.00000000
0.00000000
0.00000000
0.00000000
0.00000000
0.00000000
0.00000000
0.00000000
0.00000000
0.00000000
0.00000000
0.00000000
-3.25862294
-9.53346603
-26.97699063
-70.92505531
-73.87795955
-83.01626332
-64.07629628
-48.25067595
-33.02213320
-4.30947715
-13.03791162
-35.81046996
-20.93462585
-21.15222350
-17.79729111
-46.16952500
-66.28163445
-13.43396814
0.00000000
-0.99801075
-2.03705601
-2.53845221
-3.46152574
-0.46153677
-0.23076838
-0.92307353
-2.07691544
-2.68832666
-1.84614706
-2.35078949
-4.15383089
-6.69228309
-3.38180688
-4.38991666
-2.99998897
-5.53844118
-4.69030488
-1.38461030
-2.76922059
-4.52969208
-2.58155787
-0.46153677
-0.46153677
-1.84614706
-0.69230515
-2.07691544
-4.73665677
-4.87400162
-2.30768383
-2.07691544
-1.61537868
-2.69274797
-1.84614706
-2.99998897
-1.15384191
-0.46153677
-3.69229412
-3.46152574
-1.61537868
-2.99998897
-2.68950173
-6.83737591
-2.76922059
-3.73539978
-1.65045647
-0.69230515
-5.04642427
-1.61537868
0.00000000
0.00000000
-5.65052736
-6.83620083
0.00000000
-0.50464243
-1.22877914
-0.38181791
0.00000000
0.00000000
0.00000000
0.00000000
0.00000000
0.00000000
0.00000000
0.00000000
0.00000000
0.00000000
0.00000000
-0.46153677
-0.46153677
-0.73541081
-0.69230515
-2.22678989
-2.69157289
-0.99801075
0.00000000
-3.25862294
-2.15185267
-5.37187168
-5.37187168
0.00000000
-1.45954752
-2.19495833
0.00000000
0.00000000
0.00000000
0.00000000
0.00000000
-0.50464243
0.00000000
0.00000000
0.00000000
0.00000000
0.00000000
0.00000000
0.00000000
0.00000000
0.00000000
0.00000000
0.00000000
0.00000000
0.00000000
0.00000000
0.00000000
0.00000000
0.00000000
0.00000000
0.00000000
0.00000000
-2.01856971
0.00000000
0.00000000
0.00000000
0.00000000
0.00000000
0.00000000
0.00000000
0.00000000
0.00000000
0.00000000
0.00000000
0.00000000
0.00000000
0.00000000
-0.38181791
0.00000000
0.00000000
-0.99801075
-1.51392728
-0.88646033
0.00000000
-0.19090895
-0.69555138
-4.09394975
-20.69121918
-32.60412495
-58.79778738
-4.59534594
-0.19090895
0.00000000
0.00000000
0.00000000
0.00000000
-2.08665414
-11.91174528
-6.91041741
-8.41307059
-19.22445855
-36.90874095
-53.36314775
-17.04960234
-7.00862348
-13.61658151
-16.62188788
-22.22650409
-11.04783314
-7.39044139
-23.29819657
-0.42167734
-2.92234127
-10.14622593
-14.94700116
-2.34564753
-2.27756310
-1.19694757
-16.70268680
-2.45755827
-0.84335467
0.00000000
-0.99801075
-0.73541081
-3.75199127
-15.35894071
-6.78498688
-2.30768383
-4.66703694
-6.10521133
-5.01053081
-6.10728249
-3.81358324
-16.39303072
-10.39187497
-3.90150449
-4.99005377
-2.45755827
-4.53447372
-5.59299637
-6.26392931
-2.89853758
-5.36258832
-42.76717284
-47.71934482
-36.42766517
-27.13984819
-23.08936442
-19.99576190
-14.58429611
-19.55813421
-36.33152935
-35.73075110
-3.53168133
-9.97767606
-10.55761604
-8.92970777
-11.67638016
-16.44460408
-48.34663816
-47.68552253
-19.54088791
-13.36065893
-17.85859987
-8.86486866
-19.47568938
-6.63122688
-21.78897050
-50.93233743
-31.77640316
-20.06358011
-9.11025238
-3.49110125
-1.00928485
-1.00928485
-2.99403226
0.00000000
-0.69555138
0.00000000
-0.38181791
-0.99801075
-2.01856971
-3.09593900
-7.96479866
-14.10193656
-6.95551381
-8.34868681
-8.75494955
-3.02785456
-15.20599455
0.00000000
-4.98644722
-5.79472409
0.00000000
-1.00928485
-0.80349524
-12.29908097
-45.09008546
-64.25042795
-135.74842034
-78.75919305
-78.80860355
-67.36361742
-46.45066009
-71.72900973
-79.83780234
-51.99711786
-66.82740965
-52.13239247
-28.00887311
-26.44373278
-34.62034360
-37.96796876
-34.48787539
-68.00271879
-75.86063997
-51.32762623
-77.52679186
-67.92507018
-68.41302793
-37.17466573
-50.87015045
-63.00165714
-75.46151084
-92.99717429
-86.98016411
-72.52058825
-69.48265016
-39.44484210
-33.65409948
-7.97814301
-54.26771472
-48.35244390
-82.49843884
-82.85563830
-44.43786129
-51.27649361
-55.24761884
-57.12838927
-58.84286919
-71.49200143
-65.08235367
-0.38181791
0.00000000
0.00000000
0.00000000
-0.92307353
0.00000000
0.00000000
0.00000000
-3.19621532
-1.00928485
-1.50265318
0.00000000
0.00000000
0.00000000
0.00000000
-4.03713942
-4.03713942
0.00000000
-3.53249699
-8.07427883
0.00000000
0.00000000
0.00000000
-0.57272686
-6.01431338
0.00000000
-0.50464243
0.00000000
0.00000000
0.00000000
-1.00928485
-1.39110276
-1.00928485
-1.14545372
0.00000000
0.00000000
0.00000000
0.00000000
0.00000000
0.00000000
0.00000000
-0.50464243
0.00000000
0.00000000
0.00000000
0.00000000
0.00000000
0.00000000
0.00000000
0.00000000
0.00000000
0.00000000
0.00000000
0.00000000
0.00000000
0.00000000
0.00000000
0.00000000
-0.50464243
0.00000000
0.00000000
0.00000000
0.00000000
0.00000000
0.00000000
0.00000000
0.00000000
0.00000000
-0.46153677
