-4.14010465
-9.99191362
-8.28020930
-1.65604186
-1.71170432
0.00000000
-4.96812558
-0.44529966
0.63407777
0.00000000
-6.62416744
0.00000000
0.00000000
-0.05566246
0.00000000
0.00000000
0.00000000
0.00000000
-0.05566246
0.00000000
0.00000000
0.00000000
0.00000000
0.00000000
0.00000000
0.00000000
0.00000000
0.00000000
0.00000000
-0.05566246
0.00000000
0.00000000
0.00000000
0.00000000
0.00000000
0.00000000
0.00000000
0.00000000
-0.10010175
0.00000000
0.00000000
-0.05566246
0.00000000
0.00000000
0.00000000
-0.05566246
0.00000000
0.00000000
0.00000000
0.00000000
0.00000000
0.00000000
0.00000000
0.00000000
0.00000000
0.00000000
0.00000000
-1.27332059
-0.90224623
-1.14845134
-7.11425348
-1.65349835
-2.77602514
-2.92195911
2.60374914
-1.58523193
0.58736137
0.56942597
-0.57514269
0.69022318
1.02787500
-1.36851482
1.22894130
-3.31507468
0.00000000
-0.98895496
-6.54124303
-9.10823023
-12.42031395
-1.71170432
-0.82802093
-3.36774618
-7.45218837
-4.46197271
-6.67982990
-6.90247973
-14.96003920
-24.06826944
-10.59842327
-7.11302288
-10.76427209
-19.87250233
-14.34861476
-4.96812558
-9.93625116
-7.01282196
-7.50785083
-1.71170432
-1.76736677
-6.62416744
-2.53972525
-7.45218837
-10.30861186
-6.95814218
-8.33587176
-7.45218837
-5.85180897
-5.92946439
-6.62416744
-10.76427209
-4.14010465
-1.71170432
-13.24833488
-12.42031395
-5.79614651
-10.76427209
-9.24671794
-15.36473251
-9.93625116
-11.64795548
-2.63377366
-2.92936245
-0.89059931
-5.76888456
-0.05566246
-0.11132491
-8.12432500
-11.62460471
0.00000000
-0.16698737
-1.98396326
0.10537074
-0.11132491
0.00000000
-0.11132491
-0.05566246
0.00000000
0.00000000
0.00000000
0.00000000
0.00000000
-0.16698737
-1.65604186
-1.93435415
-2.76237508
-1.05067076
-4.96812558
-3.79488581
-2.02234922
-0.98895496
-0.11132491
-3.39728523
-11.24707419
-4.97799094
-4.53015275
0.00000000
-2.64499682
-3.64000512
-0.05566246
0.00000000
0.00000000
-0.05566246
0.00000000
-0.05566246
-0.05566246
0.00000000
-0.05566246
-0.22264983
-0.05566246
-0.05566246
0.00000000
0.00000000
-0.11132491
0.00000000
-0.05566246
0.00000000
0.00000000
-0.05566246
-0.05566246
0.00000000
-0.05566246
-0.05566246
-0.05566246
0.00000000
-0.27831228
0.00000000
0.00000000
0.00000000
-0.98895496
0.00000000
0.00000000
0.00000000
0.00000000
-0.05566246
-0.05566246
-0.11132491
-0.05566246
-0.11132491
-0.22264983
0.11018636
0.00000000
0.00000000
-1.04461742
-0.16698737
-0.12850225
-0.61228703
-1.15708088
0.13263269
-1.27322142
-12.88724629
-30.84842881
-53.82312959
-5.70372410
-0.64068753
-1.00192422
-0.61228703
-0.94626177
-0.33397474
-0.22860400
-7.71921410
-11.83929086
-6.36208391
-10.23259501
-38.42452786
-65.91362665
-17.10288513
-5.77971166
-9.52915230
-10.27460301
-21.75174016
-6.22508895
-5.55660847
-24.81994451
-1.09511005
-4.23501565
0.53374419
0.61989231
0.18234097
-0.12209472
-2.53972525
-26.79382925
-3.63395178
-2.66698979
-0.04443929
-0.97773180
-0.88482194
-2.14200457
-0.87828564
-16.04392609
-8.32464860
-3.77367720
-12.85340777
-11.29756682
-5.90129799
-6.99652814
-5.95170491
-0.77659198
-1.37304661
-5.92250660
-4.37904830
-11.13057945
-2.86569415
-3.69653016
-8.55852159
-5.86772766
-4.18038456
0.39638467
-0.63672972
-0.85463342
-0.13693576
-7.80474661
-27.95651011
-35.46718888
0.26712989
2.75646226
-7.91859748
-20.44663721
-17.80814709
-9.66866682
-25.41140414
-11.62587651
-1.14652367
-2.42697157
-34.70055415
-21.16085809
-25.63181264
-13.67159912
-23.53211806
-11.01535820
-32.85792746
-3.50336415
-1.14000883
-0.29163905
-0.66291232
0.32138120
-0.38963720
-0.33397474
-3.07818980
0.00000000
0.02726195
-0.10010175
-0.01717734
-1.21160479
-0.38963720
-0.47483871
-0.73025130
-0.32753760
-0.13305645
-0.54844133
-1.52664801
-0.61228703
1.04801463
0.00000000
-4.73894812
-9.59057897
0.00000000
-0.16698737
-0.85001390
-4.26526141
0.46668810
2.68276680
-173.57077101
-117.09635607
-81.46051995
-84.52864020
-45.92483656
-86.41894304
-125.26728154
-84.82321054
-90.28304665
-66.24237230
-47.18788001
-40.24050792
-53.02080191
-46.65851799
-40.28032794
-94.75985226
-108.66311324
-61.01514417
-84.00378403
-66.19710177
-71.04094075
-44.00875770
-52.52982884
-58.69942686
-73.05542743
-85.80517677
-79.43654202
-74.56850562
-68.35339404
-32.68092703
-19.63307190
-0.07534872
-5.08187886
-36.93125457
-75.32719900
-82.36007010
-39.31269697
-46.44612318
-45.62370223
-49.30962485
-57.87302105
-72.78549415
-65.22299901
0.11018636
0.00000000
0.00000000
0.00000000
-3.31208372
-0.05566246
0.00000000
0.00000000
-2.00631043
-0.11132491
-1.04461742
0.00000000
0.00000000
0.00000000
-0.82802093
-2.44914810
-0.58502507
0.00000000
-0.44529966
-0.89059931
0.00000000
0.00000000
-0.11132491
0.03366949
0.30306531
0.00000000
-0.22264983
0.00000000
-0.05566246
-0.22264983
-0.27831228
-0.47851579
-0.16698737
0.49754646
-0.05566246
-0.05566246
0.00000000
0.00000000
0.00000000
0.00000000
0.00000000
-0.05566246
0.00000000
0.00000000
-0.05566246
0.00000000
-0.05566246
0.00000000
0.00000000
0.00000000
0.00000000
0.00000000
0.00000000
-0.16698737
0.00000000
-0.05566246
-0.05566246
-0.05566246
-0.05566246
0.00000000
0.00000000
-0.16698737
0.00000000
-0.05566246
0.00000000
0.00000000
0.00000000
-0.16698737
-1.82302923
