-0.74441858
-1.87941394
-1.48883715
-0.29776743
-0.89330229
-0.74441858
-0.59553486
-0.39057679
-0.40329772
-0.31048837
-0.45937208
-0.31048837
-0.21767901
-0.14888372
-0.14888372
0.00000000
0.00000000
0.00000000
0.00000000
0.00000000
0.00000000
0.00000000
0.00000000
0.00000000
0.00000000
0.00000000
0.00000000
0.00000000
0.00000000
0.00000000
0.00000000
0.00000000
0.00000000
0.00000000
0.00000000
0.00000000
0.00000000
0.00000000
0.00000000
0.00000000
0.00000000
0.00000000
0.00000000
0.00000000
0.00000000
0.00000000
0.00000000
0.00000000
0.00000000
0.00000000
0.00000000
0.00000000
0.00000000
0.00000000
0.00000000
0.00000000
0.00000000
-0.09280936
-0.42900899
-0.79734222
-2.77104000
-3.65341657
-5.43337703
-6.45752868
-6.07689235
-4.61527039
-3.48497543
-1.70988670
-0.33851260
-0.95082917
-0.53968223
-0.70291079
-0.64257864
-1.00475986
-0.99416107
-0.89323218
-0.97629810
-1.05648226
-1.09427674
-0.89330229
-1.04218601
-1.04218601
-0.89330229
-0.89330229
-0.44665115
-0.74441858
-0.98611165
-1.43276279
-2.02829766
-2.32606509
-2.26999073
-2.32606509
-2.53102316
-2.17718137
-2.02829766
-2.08437201
-1.78660458
-1.33995344
-0.89330229
-0.89330229
-0.74441858
-0.68834422
-0.59553486
-0.98611165
-1.22780472
-1.37668844
-1.52557215
-1.52557215
-1.37668844
-1.28387908
-1.19106972
-1.19106972
-1.04218601
-1.19106972
-1.48883715
-1.33995344
-1.48883715
-1.78660458
-1.78660458
-1.63772087
-1.78660458
-1.57788604
-1.43276279
-1.35734908
-1.20846536
-0.76181421
-0.76181421
-0.66900486
-0.71184563
-0.41407820
-0.41407820
-0.43757961
-0.26519448
-0.09280936
-0.09280936
-0.09280936
-0.09280936
-0.09280936
0.00000000
0.00000000
0.00000000
0.00000000
0.00000000
0.00000000
-0.09280936
-0.33450243
-0.42731179
-0.48338614
-0.48338614
-0.50688755
-0.26519448
-0.17238512
-0.26519448
-0.41407820
-0.41407820
-0.28084667
-0.28084667
-0.18803732
-0.03915360
-0.01565219
-0.14888372
-0.14888372
-0.09280936
0.00000000
0.00000000
0.00000000
0.00000000
0.00000000
-0.09280936
-0.09280936
-0.09280936
-0.09280936
-0.09280936
0.00000000
0.00000000
0.00000000
0.00000000
0.00000000
0.00000000
0.00000000
0.00000000
0.00000000
0.00000000
0.00000000
0.00000000
-0.09280936
-0.09280936
-0.09280936
-0.09280936
-0.09280936
0.00000000
0.00000000
0.00000000
0.00000000
0.00000000
0.00000000
0.00000000
-0.09280936
-0.09280936
-0.18561871
-0.18561871
-0.09280936
-0.09280936
-0.09280936
-0.09280936
-0.09280936
-0.27842807
-0.46404678
-0.30731385
-0.37286133
-0.85664906
-0.81366271
-1.55418370
-2.19061561
-2.19437608
-2.14574935
-1.81757158
-1.48494971
-1.20652164
-1.02090292
-0.76760017
-0.78358065
-0.84536766
-1.33077929
-2.50157784
-3.07629437
-3.26191308
-3.28917496
-3.00912298
-2.20204092
-1.63228115
-1.42692149
-1.39965962
-1.08952659
-0.94809051
-0.97415611
-1.05773560
-0.72401614
-0.57924721
-0.57924721
-0.39362850
-0.87293762
-0.86644200
-1.03882712
-0.88047029
-0.73158657
-0.30724055
-0.18724262
-0.37610915
-1.06445336
-1.36222079
-1.36222079
-1.49787092
-1.85631411
-1.34035502
-1.28428066
-1.96283194
-1.82666916
-1.47813844
-1.40883050
-1.25994678
-0.62962065
-0.65525861
-0.95932465
-1.32640003
-1.44271080
-1.44533757
-1.95903730
-2.22370740
-2.62816262
-2.67139324
-2.55986556
-2.97490750
-3.99990243
-3.18119998
-2.50461622
-2.53394136
-2.05055521
-0.61442507
-1.06002293
-1.93748774
-2.34169970
-2.58994997
-2.14922382
-2.33187677
-2.40118472
-2.13302447
-1.76437468
-2.47029531
-2.13090943
-2.57796216
-2.55117877
-3.49223653
-2.94484178
-3.18197969
-2.14632708
-1.74714055
-0.82716560
-0.75512249
-0.34397555
-0.27842807
-0.18561871
-0.09280936
-0.09280936
-0.27842807
-0.46404678
-0.74409876
-0.93296529
-0.80511814
-0.71555659
-0.80836595
-0.71393269
-0.43875243
-0.31705729
-0.31380948
-0.33723759
-0.15161887
-0.23793261
-0.54517316
-1.01298041
-0.30150545
0.41430059
-0.83548813
-2.55084886
-2.21412419
-3.62053082
-4.82952543
-4.86936229
-4.38189913
-4.81373902
-4.50379037
-5.27514832
-4.50907438
-3.88940657
-3.17040875
-3.29799990
-3.01324885
-4.00493604
-4.85892157
-5.12320181
-5.91860089
-5.06468800
-4.55798482
-3.81730550
-3.61143319
-2.99575580
-3.35264838
-3.41367949
-3.19224103
-3.46953180
-3.50551089
-3.56132925
-3.11531615
-2.45769101
-3.48507950
-2.96095454
-2.94751054
-3.51923423
-3.33925589
-1.73038687
-1.60689787
-1.54229067
-1.25540305
-1.74816298
-2.12999651
-1.78414105
-1.35086061
-1.00004841
-0.31978986
0.00000000
0.00000000
0.00000000
0.00000000
0.00000000
-0.09280936
-0.09280936
-0.09280936
-0.09280936
0.00000000
0.00000000
-0.74247485
-1.02090292
-1.02090292
-1.11371228
-1.48494971
-0.64966550
-0.37123743
-0.46404678
-0.27842807
-0.06717139
-0.06717139
-0.15998074
-0.15998074
-0.15998074
-0.09280936
-0.18561871
-0.27842807
-0.37123743
-0.21450450
-0.12169514
-0.02888578
0.06392357
0.15673293
0.00000000
0.00000000
0.00000000
0.00000000
0.00000000
0.00000000
0.00000000
0.00000000
0.00000000
0.00000000
0.00000000
0.00000000
0.00000000
0.00000000
0.00000000
0.00000000
0.00000000
0.00000000
-0.09280936
-0.09280936
0.00000000
0.00000000
0.00000000
-0.09280936
0.00000000
0.00000000
0.00000000
0.00000000
0.00000000
0.00000000
-0.09280936
