0.09032223
0.09094409
0.09133961
0.09235563
0.09403085
0.09442553
0.09568891
0.09451353
0.08796091
0.09617024
0.09153486
0.09481928
0.09288948
0.08814821
0.09333063
0.09242511
0.09548142
0.09394724
0.09400270
0.09816083
0.09437824
0.09885279
0.09855458
0.09303493
0.10273625
0.10024277
0.11340767
0.12303731
0.11307910
0.11064737
0.07838536
0.10645669
0.07102076
0.05729471
0.08375810
0.11781389
0.12345900
0.11583836
0.10372056
0.11576930
0.11203379
0.11750416
0.11161838
0.10107965
0.11271915
0.10785253
0.12045280
0.10086567
0.09168711
0.10796972
0.06889591
0.07801725
0.07195192
0.06841197
0.06974598
0.07235571
0.08216544
0.09888219
0.09796506
0.10144902
0.09698765
0.10003978
0.09573715
0.08217674
0.08486421
0.07108323
0.06571121
0.07853541
0.07051631
0.07496836
0.06775392
0.04865805
0.04776289
0.05187028
0.04878299
0.05159142
0.05184213
0.05211355
0.04647932
0.05322165
0.05354728
0.05896533
0.05246607
0.04866862
0.04836570
0.05001979
0.05500192
0.03645289
0.04552452
0.03907161
0.07557274
0.06729111
0.05602286
0.04485987
0.03484756
0.06357674
0.05096423
0.03034120
0.04072403
0.03712967
0.08042335
0.07004336
0.05778786
0.06676553
0.10044022
0.04746541
0.04309937
0.03717132
0.02803900
0.02578221
0.03527511
0.09398858
0.03011414
0.04118348
0.05554289
0.06165301
0.05522993
0.04693124
0.03648459
0.03950167
0.03848722
0.03607023
0.03367125
0.04248128
0.05814111
0.06593440
0.05761824
0.04536191
0.03651692
0.04512627
0.03725419
0.03745624
0.03762366
0.05019798
0.06825502
0.06873300
0.06053623
0.05361362
0.04918291
0.05349621
0.05121682
0.04985781
0.04949095
0.06184324
0.07826482
0.07478075
0.07104922
0.05928458
0.05282026
0.05690578
0.05011532
0.04731882
0.05194321
0.07067892
0.08897400
0.08755440
0.08117495
0.06480276
0.05625641
0.06241633
0.05542717
0.05564042
0.06247702
0.07944929
0.09183192
0.08185958
0.07493090
0.06267834
0.05793372
0.06168356
0.05260555
0.05472328
0.06012512
0.08437054
0.09781114
0.08282800
0.07591709
0.06481741
0.06583751
0.07374935
0.06425384
0.06484922
0.06742515
0.08910124
0.10012831
0.09236264
0.08863100
0.07253672
0.06669082
0.06431620
0.04872167
0.05484016
0.05883391
0.08001642
0.08872162
0.07082268
0.06604814
0.06039047
0.06465805
0.06979254
0.05535758
0.05942426
0.06612097
0.08579934
0.08823956
0.07476798
0.08710740
0.07128936
0.06209112
0.05122697
0.04533733
0.06130091
0.08649893
0.11571803
0.12037433
0.07584291
0.10910503
0.11427091
0.12140395
0.09601433
0.06390373
0.05901922
0.07849920
0.10819888
0.09685770
0.08041655
0.06973907
0.05800529
0.06839094
0.04966423
0.04122115
0.06232833
0.07766546
0.10114484
0.08972110
0.07497370
0.07618779
0.12235928
0.13851821
0.08842644
0.06404687
0.10513723
0.12290129
0.13550365
0.11892093
0.11617110
0.12015250
0.11159746
0.10977156
0.11378435
0.10895644
0.14270889
0.15101908
0.12181307
0.12953103
0.12177959
0.12856105
0.14474092
0.12097494
0.12066835
0.11267835
0.12450849
0.11724990
0.12338784
0.12360026
0.10171950
0.10914688
0.11125320
0.09721325
0.09408066
0.09057210
0.12021633
0.11217923
0.11286564
0.10268236
0.08903772
0.09848698
0.10130327
0.08627637
0.08778439
0.06535535
0.09438881
0.12687851
0.09607858
0.08419768
0.06869501
0.08042534
0.08435128
0.07224929
0.06544261
0.07337476
0.09346320
0.09334915
0.08512622
0.07918498
0.06917027
0.07222899
0.06045932
0.05823120
0.04736946
0.05149662
0.08588138
0.07280920
0.08244367
0.06127831
0.04975098
0.07438418
0.05167628
0.05338122
0.04575273
0.07122019
0.10802727
0.09021634
0.08823673
0.06893955
0.06272365
0.08006822
0.05205119
0.06254555
0.05835635
0.06919297
0.09373379
0.07333866
0.08409001
0.06113674
0.05723894
0.07386236
0.05237378
0.05734609
0.06307365
0.12056790
0.13636062
0.08067741
0.07332380
0.06360751
0.06557613
0.06785908
0.05486402
0.05639066
0.06046047
0.08256159
0.09623867
0.06875811
0.07545503
0.06647642
0.07172841
0.07077916
0.05891793
0.06468254
0.06907170
0.09276297
0.08606690
0.06664478
0.06205398
0.05434324
0.06371319
0.04923083
0.04199923
0.04927520
0.06565618
0.08952961
0.08716997
0.07001175
0.07112686
0.06971511
0.06815143
0.05452636
0.04183139
0.06302772
0.07280899
0.08909967
0.09292327
0.07853237
0.09272823
0.13553922
0.12004681
0.08587165
0.08265064
0.10361153
0.11421127
0.11723629
0.12081171
0.12046641
0.13579245
0.13142913
0.13791341
0.13137367
0.10977679
0.12296616
0.12846270
0.13039846
0.10799066
0.07999947
0.11581638
0.07406451
0.11879014
0.12251832
0.11725513
0.04036199
0.09549805
0.08165408
0.08851779
0.10469985
0.11146980
0.05705520
0.05281011
0.06447818
0.11785365
0.08819875
0.08501572
0.10393810
0.11849611
0.08593170
0.07504213
0.08279901
0.10416935
0.10358485
0.07802980
0.07546214
0.06661360
0.08296193
0.05914133
0.03372377
0.03535285
0.04333281
0.03524905
0.03396925
0.03570767
0.03441918
0.03445120
0.03638268
0.03750490
0.03940917
0.03946065
0.03983567
0.04025453
0.03982688
0.04004013
0.03903196
0.03966783
0.03999137
0.03980114
0.04012739
0.03985837
0.03971952
0.04013764
0.03906785
0.03982813
0.03844589
0.03962305
0.04008700
0.04086696
0.04208220
0.04187345
0.04182773
0.04281382
0.04277678
0.04270343
0.04064701
0.04124449
0.04231732
0.04343148
0.04380849
0.04506224
0.04537154
0.04622505
0.04582608
0.04705063
0.04676592
0.04750915
0.04771842
0.04779826
0.04705378
0.04671350
0.06082858
0.04733953
0.04715485
0.04624619
0.04642606
0.04721753
0.04750109
0.04761274
0.04986074
0.04986304
0.04996150
0.05500297
0.05580124
0.05826060
0.06220821
0.04710630
0.04542386
0.04422316
0.04721188
0.09270710
0.08619278
0.06494266
0.04514752
0.04566002
0.05754741
0.09328144
0.09133898
0.09291940
0.08976557
0.09097987
0.09124742
0.09285515
0.09164609
0.08852543
0.09101765
0.09178473
0.09060643
0.09162997
0.08993686
0.09245535
0.09089135
0.08655743
0.08659426
0.08999242
0.09081486
0.09028383
0.08908209
0.08885796
0.09018684
0.08821026
0.08680877
0.08379462
0.08482664
0.08445728
0.08908198
0.09050399
0.08914236
0.08971639
0.09028320
0.09360383
0.08792251
0.08840875
0.08939788
0.08935299
0.09156855
0.08969588
0.09160381
0.09040155
0.08744307
0.09086028
0.08989165
0.09133835
0.09294703
0.09197496
0.09891986
0.09400197
0.09414438
0.09260341
0.09067214
0.09529223
0.08432104
0.06406644
0.05969255
0.05835593
0.05853454
0.05654186
0.06004821
0.06025591
0.05963521
0.06955324
0.05485261
0.05470549
0.05386861
0.05380552
0.05413638
0.05514381
0.05536386
0.05700382
0.06306152
0.08562167
0.06599760
0.05699639
0.05479883
0.05514109
0.06403725
0.06178831
0.06333367
0.05872299
0.05933229
0.05862987
0.05757660
0.06429256
0.06406278
0.06293418
0.06288478
0.06236223
0.05486370
0.05297994
0.06243035
0.06262937
0.06980615
0.06228982
0.06283058
0.05837037
0.06257318
0.05882930
0.05787513
0.05786602
0.08005336
0.08423483
0.06733840
0.06153770
0.06458721
0.07033246
0.07343513
0.07006606
0.06831236
0.06583395
0.06151175
0.06205471
0.05884667
0.05808900
0.06037823
0.06755605
0.07352375
0.07039158
0.06786787
0.06255089
0.05964023
0.06189912
0.05464616
0.05451286
0.05640007
0.05900436
0.06397645
0.06137562
0.05917722
0.05382896
0.05424405
0.05527597
0.05221788
0.05092939
0.05165232
0.05538688
0.06018580
0.05921332
0.05708784
0.06479858
0.06516564
0.06698244
0.05244891
0.05122153
0.05334784
0.05647876
0.05792232
0.06125571
0.06048402
0.06050390
0.06009058
0.06048485
0.06111801
0.06300303
0.06633851
0.07092962
0.07756303
0.07973736
0.06883000
0.07089132
0.06382839
0.06503212
0.04810243
0.04701119
0.04767563
0.04931193
0.05009879
0.04970985
0.04788961
0.04795458
0.04839290
0.04822423
0.04809814
0.04750214
0.04790708
0.04891378
0.04929068
0.04996454
0.04847839
0.04778612
0.04858010
0.04832866
0.04811060
0.04740504
0.04746824
0.04771811
0.04722956
0.04700637
0.04604111
0.04635899
0.04729119
0.04663209
0.04647116
0.04605241
0.04623500
0.04759097
0.04739855
0.04769980
0.04680777
0.04718875
0.04768169
0.04994978
0.04706444
0.04612251
0.04576497
0.04667426
0.04702354
0.04898389
0.04649209
0.04690896
0.04759464
0.04666421
0.04633848
0.04718311
0.04627455
0.04758511
0.04899508
0.04970964
0.04956514
0.04974794
0.05070693
0.05079608
0.05106928
0.05098631
0.05149986
0.05334366
0.05430411
0.05447059
0.05311837
0.05195043
0.05163003
0.05107985
0.05079472
0.04992258
0.05004155
0.05078499
0.05074847
0.05142976
0.05027395
0.04947066
0.04988303
0.04983740
0.05001550
0.04947013
0.05041970
0.05122833
0.05110382
0.05098484
0.04965105
0.05170422
0.05048604
0.05174722
0.05053407
0.05037712
0.05070526
0.05186180
0.05142996
0.05130723
0.05075548
0.05014483
0.05039208
0.05021566
0.05038298
0.04956493
0.04973790
0.05079859
0.05181628
0.05188587
0.05131110
0.05174293
0.05219235
0.05183533
0.05182015
0.05383827
0.05185510
0.05250249
0.05289874
0.05375132
0.05277328
0.05319852
0.05332126
0.05322814
0.05293662
0.05223389
0.05237441
0.05336531
0.05417614
0.05401489
0.05390126
0.05295064
0.05292124
0.05262993
0.05213615
0.05588076
0.05517060
0.05448283
0.05299553
0.05403090
0.05189664
0.05098338
0.05133014
0.05128881
0.05022456
0.04957540
0.04960961
0.05014472
0.05060156
0.05023827
0.04822873
0.05163014
0.05284171
0.04605063
0.04520391
0.04455580
0.04775369
0.05067062
0.05216995
0.05414642
0.05582395
0.05066916
0.04601704
0.05275487
0.05181795
0.05713483
0.05057090
0.05614434
0.05867789
0.05650900
0.05039553
0.04790624
0.04757277
0.04867082
0.04575786
0.04544814
0.04612408
0.05161099
0.06434498
0.06433483
0.06632166
0.05607371
0.05347592
0.05273352
0.05120071
0.05219140
0.05180278
0.05030502
0.04904615
0.05100221
0.05524458
0.05516160
0.05520628
0.05559207
0.05145121
0.05097428
0.05090961
0.05157154
0.05269637
0.05300212
0.05166027
0.05104386
0.05077327
0.05152006
0.05515302
0.05538929
0.05179954
0.05629157
0.05511263
0.05625118
0.05459531
0.05648556
0.05144441
0.05164426
0.05102701
0.05006342
0.04986764
0.05042985
0.05256213
0.05315207
0.05101121
0.04943979
0.04960041
0.05101895
0.05047443
0.04993105
0.05037827
0.05171719
0.05324477
0.05141082
0.05013060
0.04901015
0.04847243
0.04828628
0.04695479
0.05091715
0.04649094
0.04666997
0.04772345
0.04807136
0.04826064
0.04869237
0.04860301
0.04931046
0.04951555
0.04963535
0.05021598
0.05096831
0.05124601
0.05095649
0.04994947
0.04853061
0.04784932
0.04844585
0.04745149
0.04719848
0.04746248
0.04804625
0.04906184
0.04919107
0.04807094
0.04714219
0.04660520
0.04708349
0.04674269
0.04523740
0.04533649
0.04536735
0.04591282
0.04609374
0.04523237
0.04526586
0.04715046
0.04572856
0.04888386
0.04512292
0.04580097
0.04548810
0.04391961
0.04486113
0.04257838
0.04541078
0.05284475
0.05850127
0.05515145
0.04775054
0.04606392
0.04153653
0.03940352
0.04010437
0.03876775
0.04011358
0.04075511
0.04139181
0.04247239
0.04402885
0.04466190
0.04805169
0.04104819
0.04320662
0.04347041
0.04334024
0.04524880
0.04577617
0.04403450
0.04541978
0.04625456
0.04730553
0.05334062
0.04057523
0.04922057
0.05112809
0.04911196
0.04586574
0.05661793
0.04377040
0.04448004
0.03796823
0.03837652
0.04241264
0.04204045
0.03977414
0.04038197
0.03920251
0.03911598
0.03631571
0.03773018
0.03999304
0.04747514
0.03486922
0.04916690
0.04485725
0.04502698
0.04409833
0.04462350
0.04370123
0.04352639
0.04317408
0.04658521
0.04926076
0.04525843
0.04524357
0.04481760
0.04602918
0.04518424
0.05185500
0.05078949
0.05213574
0.05346608
0.05067261
0.04820467
0.04564610
0.04292641
0.04038605
0.04296711
0.05244431
0.04538786
0.04561398
0.04950225
0.05731679
0.06464664
0.03869890
0.03838144
0.04659222
0.04691785
0.05352561
0.04716029
0.04593511
0.04563637
0.04691168
0.04660039
0.04392505
0.04811970
0.04456228
0.04163143
0.04160109
0.03937611
0.03910719
0.03945280
0.04253831
0.04266366
0.04148546
0.04082354
0.04053568
0.04130434
0.04196407
0.04221028
0.04178441
0.04243974
0.04538493
0.04570072
0.04637061
0.04832908
0.04532519
0.04576602
0.04533000
0.04682734
0.04468293
0.04546289
0.04651500
0.04469664
0.04401671
0.04468544
0.04560268
0.04658877
0.05113855
0.04754577
0.04711321
0.04778267
0.04795720
0.04791158
0.04782076
0.04683801
0.04754138
0.05724239
0.05718338
0.05041562
0.04559389
0.04727173
0.04970075
0.05376575
0.05244117
0.05104459
0.05171709
0.05786278
0.05441314
0.05599733
0.05614204
0.05252289
0.05146722
0.05274262
0.05383021
0.04866998
0.05476932
0.05376450
0.05409243
0.05683086
0.04911040
0.05232031
0.05158504
0.05083804
0.05393537
0.05564523
0.05757451
0.05995383
0.05684624
0.05532923
0.05528842
0.05594522
0.05409567
0.05088848
0.04946082
0.04880078
0.05146313
0.05324885
0.06020380
0.05031528
0.04752432
0.05411890
0.05284872
0.05412623
0.05253963
0.05188200
0.05140538
0.05315395
0.05330274
0.05125125
0.04923449
0.04951220
0.04870598
0.05081408
0.05067366
0.05156296
0.05488882
0.05519425
0.05950965
0.04931193
0.04918029
0.04885435
0.05069427
0.05171280
0.05525829
0.05121159
0.04870430
0.04913938
0.04879439
0.04844104
0.04722611
0.04645777
0.04691325
0.04645149
0.04698660
0.04610221
0.04576508
0.04603472
0.04554262
0.04535291
0.04729077
0.04536840
0.04633335
0.04718865
0.04759819
0.04680108
0.04700344
0.04728042
0.04694642
0.04723814
0.04547869
0.04552724
0.04542616
0.04493542
0.04498711
0.04295173
0.04112321
0.04752893
0.04860260
0.04045616
0.04556941
0.04518298
0.03927534
0.04074087
0.03959417
0.04254543
0.04272320
0.04081527
0.04084572
0.04150085
0.04171252
0.04229325
0.03946839
0.04099514
0.04282376
0.04181036
0.04199923
0.04005153
0.03963822
0.04494326
0.04112876
0.04088161
0.04111296
0.04146401
0.04300624
0.04303763
0.04253695
0.03934398
0.04709490
0.05083344
0.04470093
0.04456794
0.04495153
0.04369883
0.04427914
0.04439707
0.04565667
0.04385045
0.05872404
0.06089984
0.06482830
0.04061374
0.03865893
0.03684391
0.03925577
0.04887580
0.08556182
0.12338261
0.12838526
0.12169797
0.12548580
0.10881937
0.11200449
0.11024870
0.11724781
0.12656773
0.11597543
0.11658023
0.11027486
0.09435888
0.10775418
0.07965041
0.09123602
0.07534851
0.10027123
0.12351341
0.11361589
0.12419459
0.11444983
0.11096232
0.11757740
0.10013009
0.09989559
0.09432938
0.10153733
0.11132645
0.10426603
0.10998920
0.10603605
0.10184663
0.10643367
0.08808742
0.08694280
0.08065073
0.09617756
0.10793938
0.10617940
0.10497713
0.09572596
0.09285736
0.10079619
0.08663173
0.08261443
0.08144062
0.08736166
0.10964809
0.11020789
0.07981678
0.07048785
0.06670892
0.06846618
0.05972446
0.06489087
0.11340767
0.09681229
0.06647861
0.05403017
0.04578161
0.04198123
0.04132254
0.04289930
0.03902338
0.03814831
0.03849873
0.04455789
0.05614978
0.05595077
0.05721749
0.04989234
0.04606172
0.05086556
0.04409048
0.04089343
0.04717013
0.06245923
0.08209805
0.07405928
0.06916138
0.06037300
0.05355429
0.05989523
0.04956765
0.04978655
0.06055046
0.08033347
0.09921399
0.08133463
0.06019449
0.04585151
0.03977037
0.03831970
0.03559079
0.03517371
0.03552707
0.03707443
0.03836877
0.03967107
0.04529630
0.03972611
0.03745959
0.03568120
0.03495189
0.03597690
0.03592511
0.03614986
0.03405024
0.03381418
0.03450436
0.03595806
0.03559686
0.03596466
0.03869472
0.04024961
0.04122586
0.04330048
0.05087885
0.05310864
0.04424984
0.04646111
0.04702144
0.05053983
0.05208875
0.04669037
0.04529034
0.04571234
0.05322678
0.06817591
0.07618371
0.08028429
0.07656511
0.12578819
0.12317648
0.05810051
0.05501919
0.04948876
0.05828854
0.06421209
0.05314652
0.04616144
0.03426422
0.03577380
0.03564405
0.03535348
0.03380476
0.03336058
0.04134106
0.05052853
0.03980365
0.03303746
0.03216197
0.03371718
0.08365221
0.08229833
0.05031109
0.05534796
0.07151736
0.10179484
0.05312925
0.04989810
0.05632076
0.02881927
0.03614547
0.02925707
0.02859043
0.02919366
0.03482256
0.04310324
0.03743186
0.03311521
0.09588981
0.09040197
0.09199609
0.08904170
0.08786695
0.09492015
0.12045804
0.13350301
0.04448245
0.11128565
0.08844119
0.08200514
0.08888464
0.02437925
0.02218504
0.02284037
0.02540615
0.02561532
0.02899632
0.03474722
0.04536673
0.07325516
0.08287194
0.09817161
0.07138678
0.08816224
0.16127655
0.02932404
0.06150945
0.02369859
0.02564598
0.02534975
0.02509821
0.02570698
0.02636064
0.02662108
0.02484593
0.02454845
0.02532202
0.02652869
0.02732570
0.02659638
0.02622137
0.02663384
0.02732444
0.02775784
0.02677824
0.02653381
0.02781539
0.02934810
0.03024515
0.02997267
0.03033147
0.03002635
0.03040901
0.03045965
0.02895854
0.02897288
0.02899255
0.02952839
0.03024473
0.02928229
0.02955842
0.02891773
0.02954911
0.02951060
0.02815860
0.02873169
0.02946781
0.03082797
0.03215904
0.03088196
0.03188553
0.03183980
0.03279345
0.03151972
0.02865897
0.02868105
0.03048299
0.03207366
0.03298954
0.03186000
0.03509450
0.04147531
0.05781925
0.05033893
0.04423415
0.03721004
0.05872843
0.04552169
0.03600724
0.03479933
0.03654769
0.03616263
0.03595964
0.03550980
0.03612580
0.03590407
0.03622436
0.04011075
0.04152083
0.03958464
0.03917583
0.03845583
0.03693139
0.03748261
0.03663035
0.03716860
0.03766133
0.03782038
0.03735789
0.03741376
0.03790178
0.03736772
0.03764134
0.03670883
0.03689068
0.03732545
0.03765107
0.03805915
0.03802682
0.03854414
0.03883901
0.03831478
0.03870026
0.03782163
0.03763737
0.03886234
0.03894658
0.03905309
0.03882980
0.03976608
0.04292254
0.04410607
0.04573933
0.04361627
0.04149164
0.04093026
0.04119332
0.04158351
0.04149509
0.04129754
0.04163436
0.04178420
0.04178535
0.04225433
0.04134316
0.04295759
0.04578914
0.05196528
0.05534095
0.05339189
0.05706409
0.05569368
0.05520272
0.05238561
0.05000158
0.05200484
0.05197910
0.05092301
0.05042944
0.05010214
0.04988920
0.04766171
0.04070509
0.04151936
0.04257985
0.04741215
0.06049992
0.04270520
0.04464505
0.06328847
0.06255047
0.05272117
0.05396080
0.05022445
0.04791765
0.04645515
0.05069730
0.05561739
0.05556455
0.08224213
0.08653064
0.04063613
0.07058756
0.04353497
0.04124637
0.03842057
0.03869461
0.03927409
0.03972936
0.03962210
0.04059470
0.04299452
0.04345680
0.04468879
0.04246015
0.04108544
0.03611083
0.03609702
0.03701928
0.03697031
0.03723306
0.03663370
0.03658787
0.03725827
0.03724540
0.03669345
0.03610926
0.03832985
0.04003542
0.03931552
0.03667398
0.03401874
0.03406321
0.03456097
0.03473382
0.03460261
0.03430126
0.03398044
0.03375056
0.03416272
0.03401445
0.03444398
0.03588105
0.03848209
0.03792627
0.03506751
0.03271111
0.03178026
0.03158920
0.03157769
0.03112964
0.03125258
0.03241990
0.03302480
0.03277828
0.03227864
0.03299404
0.03433683
0.03595388
0.03746901
0.03662889
0.03437387
0.03218238
0.03178183
0.03187171
0.03199675
0.03179250
0.03135073
0.02890277
0.03038149
0.03333411
0.03437367
0.03373581
0.03632052
0.03683282
0.03502931
0.03238495
0.03193826
0.03172575
0.03240347
0.03097237
0.03106204
0.03188856
0.03333432
0.03423000
0.03430921
0.03361390
0.03503402
0.03653775
0.03778250
0.03455688
0.03279596
0.03265481
0.03283771
0.03214209
0.03254975
0.03362437
0.03336320
0.03282505
0.03318374
0.03225322
0.03216051
0.03418553
0.03518972
0.03485395
0.03549568
0.03325197
0.03204520
0.03240693
0.03233996
0.03293827
0.03282013
0.03306708
0.03253720
0.03175180
0.03251993
0.03315267
0.03462479
0.03426066
0.03426652
0.03548061
0.03525146
0.03695713
0.03944893
0.04130612
0.04025023
0.03583051
0.03412798
0.03348248
0.03546941
0.03626580
0.03394843
0.03471248
0.03596434
0.03628966
0.03588764
0.03562898
0.03610424
0.03604627
0.03542965
0.03421671
0.03495262
0.03459047
0.03322738
0.03458660
0.03777350
0.04014518
0.04057000
0.03486232
0.03732220
0.03902003
0.03893705
0.03593306
0.03177200
0.03197394
0.03178466
0.03076320
0.03252035
0.02963156
0.03071559
0.04243441
0.03155833
0.03248854
0.03410078
0.03543457
0.03781316
0.03646942
0.03463850
0.03855785
0.04557432
0.03690565
0.03732325
0.03601886
0.03417099
0.03936700
0.03726800
0.03438810
0.03415048
0.03477882
0.03686296
0.03729772
0.03627459
0.03691423
0.04002527
0.03964565
0.03741868
0.03604983
0.03624435
0.03787008
0.03949277
0.03600892
0.03487916
0.03432229
0.03739514
0.03582706
0.03401330
0.03379011
0.03362866
0.03554727
0.03886778
0.03475967
0.03287612
0.03317684
0.03568863
0.03734303
0.03416429
0.03513960
0.03448510
0.04690844
0.05887346
0.03108966
0.03067426
0.03192382
0.03560262
0.03827920
0.03675811
0.03471321
0.03491401
0.03793663
0.04198395
0.03633465
0.03625502
0.03484526
0.03126901
0.03103149
0.04448412
0.04099095
0.03776168
0.04677115
0.03191702
0.03641292
0.03403035
0.03658326
0.03212566
0.03241321
0.03673959
0.03608865
0.03630567
0.03908899
0.05409913
0.04033520
0.03774692
0.03808144
0.03203149
0.03337492
0.03192278
0.03106644
0.03338308
0.03629740
0.03158313
0.03678595
0.03489381
0.03644787
0.03218207
0.03467596
0.03643635
0.03849696
0.03950439
0.04488613
0.06228344
0.04126342
0.03980386
0.03879067
0.04260057
0.03352894
0.03304636
0.03303129
0.04054196
0.03363337
0.03457425
0.03400891
0.03441489
0.03757636
0.03982123
0.04084352
0.03658473
0.03296506
0.04283443
0.04571349
0.03407451
0.03404500
0.03550070
0.03705382
0.03848021
0.03867002
0.03739022
0.03647350
0.03637462
0.03729699
0.03849057
0.04050544
0.04247427
0.03963717
0.03750249
0.03726832
0.03661842
0.03648292
0.03678888
0.03726162
0.03620522
0.03559623
0.03595796
0.03626119
0.03644546
0.03628463
0.03599898
0.03748418
0.03938343
0.04164305
0.04084561
0.03986779
0.03829009
0.03900684
0.03934168
0.03996751
0.03907046
0.03726800
0.03752039
0.03795400
0.03659833
0.03605433
0.03577108
0.03614672
0.03669010
0.03811890
0.03975531
0.03988317
0.03830536
0.03652310
0.03421839
0.03421870
0.03456881
0.03563055
0.03645812
0.03557458
0.03396862
0.03304866
0.03400284
0.03477756
0.03354840
0.03505715
0.03569909
0.03879893
0.03884885
0.03867567
0.03700254
0.03536394
0.03584223
0.03685385
0.03611659
0.03625638
0.03607578
0.03642317
0.03493807
0.03456536
0.03479388
0.03644630
0.03720962
0.03716494
0.03889844
0.03965747
0.04203878
0.03917280
0.03541459
0.03425564
0.03515906
0.03642610
0.03729406
0.03809421
0.03743417
0.03813994
0.03812089
0.03853379
0.03723190
0.03682550
0.03572263
0.03871962
0.04037078
0.04184698
0.04027629
0.03887532
0.03805706
0.03733706
0.03937380
0.03981599
0.03855670
0.03656192
0.03670538
0.03721861
0.03674315
0.03710393
0.03725513
0.03793569
0.03822951
0.03799083
0.03851485
0.04026614
0.04177269
0.03995966
0.03676533
0.03543624
0.03532365
0.03506625
0.03492049
0.03401330
0.03397689
0.03385718
0.03415226
0.03476919
0.03308926
0.03326651
0.03487853
0.03705873
0.03840885
0.03945071
0.03746388
0.03542338
0.03549861
0.03557949
0.03484359
0.03543939
0.03591140
0.03597156
0.03615917
0.03564070
0.03525125
0.03566571
0.03583522
0.03632167
0.03686662
0.03668141
0.03907978
0.04161720
0.04362454
0.03825231
0.03525428
0.03464792
0.03489611
0.03499353
0.03483584
0.03537283
0.03517110
0.03656788
0.03664699
0.03467617
0.03471269
0.03496496
0.03629185
0.03690711
0.04049864
0.04134358
0.04110040
0.03787092
0.03575936
0.03546146
0.03751526
0.04134138
0.04339852
0.04270343
0.04367141
0.04563920
0.04709437
0.04954380
0.05328129
0.05741295
0.06207270
0.05018082
0.04893440
0.04237518
0.03540789
0.03451943
0.03500860
0.03593881
0.03603497
0.03858548
0.03979747
0.03846713
0.04495059
0.04026017
0.04478589
0.04392139
0.04661755
0.04907377
0.05245372
0.05198621
0.05021127
0.04765888
0.04810400
0.03922187
0.05082611
0.04902271
0.04996433
0.05089266
0.05178782
0.05283041
0.05245467
0.05259237
0.05290293
0.05156306
0.05092813
0.05116189
0.05253136
0.05314223
0.05392899
0.05731511
0.05584812
0.05176292
0.05199510
0.06342722
0.05792608
0.05238958
0.04640440
0.05782972
0.07684962
0.03100836
0.07873871
0.06737043
0.02405425
0.08536165
0.07287428
0.08813042
0.08626874
0.03597826
0.01721242
0.03381031
0.04300091
0.02228800
0.02813495
0.03897682
0.11447286
0.11478362
0.12986482
0.08829324
0.13434743
0.11161734
0.12248170
0.11656872
0.10716403
0.11613866
0.10998711
0.11581847
0.11241048
0.11356880
0.13952900
0.11384295
0.12214582
0.11834334
0.11313875
0.11734512
0.11403653
0.11914694
0.11449274
0.11072479
0.11889059
0.10464335
0.10310604
0.07366784
0.06671970
0.09659799
0.09530741
0.08466634
0.07481162
0.06936605
0.10044294
0.08415677
0.09140030
0.08242578
0.06178694
0.09974555
0.09729225
0.10150395
0.08102145
0.08016207
0.08918672
0.08012409
0.09571424
0.09698410
0.06760763
0.08933206
0.11218656
0.10643053
0.09117198
0.06109896
0.08600223
0.07667958
0.08074134
0.07697905
0.09281759
0.08480855
0.10719437
0.10203697
0.10076323
0.09266305
0.09687402
0.08810311
0.10190146
0.08921581
0.11805454
0.09456125
0.10811831
0.11660952
0.08737370
0.11207355
0.10154225
0.08936775
0.07990206
0.05129990
0.08204458
0.10062679
0.12507248
0.11504417
0.11403443
0.11616064
0.11596602
0.11523251
0.11580906
0.11473758
0.11598380
0.13030428
0.11334802
0.11103242
0.11014511
0.11442054
0.11503894
0.11379377
0.11938238
0.12484752
0.12383360
0.11444251
0.11367030
0.11420080
0.11275996
0.11451680
0.11457645
0.11346626
0.11484117
0.10668271
0.10844791
0.10184663
0.10067607
0.09380034
0.09238503
0.10357030
0.10821248
0.11201600
0.11104289
0.11513415
0.11967641
0.11880479
0.11751462
0.10037482
0.11363577
0.11522833
0.11469573
0.11379377
0.11464969
0.11456075
0.11506091
0.11467585
0.11405117
0.11538214
0.11539156
0.11945353
0.11808489
0.11428137
0.11781389
0.11697366
0.13354800
0.12078136
0.11827742
0.12000497
0.11894186
0.12109213
0.12046536
0.11770820
0.11947237
0.11577872
0.11657081
0.11741104
0.11163199
0.11165187
0.11650070
0.12009391
0.11823138
0.10333822
0.09576697
0.08027278
0.09300322
0.11367867
0.08869106
0.09167727
0.07813758
0.09987843
0.11892512
0.11791957
0.11351021
0.10068026
0.14006264
0.09538045
0.08703666
0.08796719
0.09150149
0.10401951
0.11253814
0.10800844
0.09819620
0.12103353
0.13882270
0.14269110
0.07302579
0.07466994
0.07311034
0.08359456
0.09686544
0.09692246
0.08545540
0.07375940
0.13917219
0.08173695
0.07696921
0.08501070
0.08303423
0.09735420
0.10765373
0.10262398
0.10224017
0.09030832
0.13026976
0.14348842
0.08398349
0.08677612
0.07990070
0.08969474
0.09847747
0.10102880
0.09947276
0.07568899
0.13448344
0.13137471
0.11085977
0.06862574
0.02012475
0.02310761
0.03553240
0.02873127
0.03560335
0.03541270
0.04861976
0.09017313
0.08805593
0.12974239
0.05211282
0.12734937
0.12013471
0.02633636
0.10750200
0.02586330
0.02583819
0.02969162
0.11886757
0.14479010
0.02161990
0.12062127
0.03816662
0.03073756
0.07536870
0.02811831
0.06265783
0.12767478
0.02783507
0.07033005
0.02873839
0.08283417
0.07242623
0.06163721
0.06592122
0.07875231
0.09214395
0.02194793
0.05630423
0.07842166
0.03458859
0.02725999
0.02748370
0.05101864
0.04695971
0.05744968
0.03621683
0.06238735
0.05090092
0.12860919
0.04655968
0.05032365
0.04850675
0.04399516
0.05136362
0.04590414
0.04050147
0.08963122
0.04759139
0.05762661
0.06769040
0.04091980
0.04334348
0.04141243
0.03295794
0.03166882
0.03908867
0.05144127
0.11350811
0.08952930
0.09814221
0.05882166
0.06031493
0.08249305
0.12036910
0.11921496
0.12546487
0.11322873
0.11034810
0.11671416
0.12654472
0.12250786
0.12101784
0.12121456
0.12265121
0.11654675
0.12108376
0.12840619
0.12232998
0.13783494
0.11866772
0.12017029
0.11803885
0.11422382
0.11617215
0.11512370
0.11691192
0.12058151
0.11852646
0.12052919
0.11845949
0.11896488
0.11704690
0.11792061
0.12154102
0.12063696
0.12339831
0.12306975
0.12093623
0.12357723
0.11643060
0.11854843
0.11730116
0.11578604
0.12020168
0.11576511
0.11807548
0.11764751
0.11738487
0.13978222
0.12035863
0.12599956
0.12092262
0.11905277
0.12373628
0.11857982
0.12109841
0.12004681
0.11829103
0.12353015
0.11780865
0.12097285
0.11993590
0.11888535
0.12287931
0.12102307
0.12403973
0.12301848
0.11816128
0.12370698
0.12004786
0.12410461
0.12404706
0.11598380
0.12393928
0.12124281
0.12436620
0.12621407
0.11421231
0.12794370
0.11733152
0.12554335
0.12565740
0.11366611
0.12391102
0.11594508
0.12121665
0.11695378
0.11117473
0.11983441
0.11238956
0.11623283
0.11376133
0.11112974
0.11418302
0.10948277
0.11493744
0.11115694
0.12516247
0.11850553
0.13434219
0.14371653
0.13667244
0.12370071
0.12765490
0.13363904
0.14048014
0.13315143
0.13181105
0.13428778
0.13404397
0.13834661
0.13581651
0.12947452
0.11716723
0.11200972
0.12321101
0.11963873
0.12956660
0.13167502
0.12773233
0.11522415
0.12368292
0.11640653
0.12579761
0.09879011
0.11121868
0.09072352
0.09497446
0.10955391
0.10716508
0.10844687
0.10195274
0.11042344
0.10591468
0.10384257
0.10797601
0.12442897
0.13828383
0.13479108
0.12800125
0.11738069
0.12726775
0.13942959
0.13338372
0.13164153
0.13958654
0.13634493
0.13415385
0.14216896
0.14396033
0.13989836
0.12983238
0.13015466
0.12331564
0.11933111
0.13703656
0.12521061
0.12644636
0.13252362
0.12789452
0.14534572
0.12664726
0.15936171
0.12774489
0.12047687
0.14756191
0.09279489
0.11984068
0.13468540
0.13609903
0.14367259
0.13608228
0.15199952
0.14739867
0.14089660
0.14454629
0.14401056
0.13739129
0.13594627
0.13072283
0.14750855
0.14071767
0.12904237
0.12248170
0.11940644
0.12445618
0.12314718
0.13266383
0.11835276
0.11463609
0.12613036
0.11375924
0.11886234
0.12644950
0.10398655
0.10841234
0.12572228
0.13491664
0.11550561
0.13219820
0.14030853
0.12397904
0.12757015
0.12309173
0.12255703
0.12583005
0.11999973
0.11495000
0.09585036
0.07272988
0.10555996
0.11991184
0.13426372
0.13468331
0.12195433
0.12789242
0.12196270
0.12065161
0.10020604
0.08737589
0.09836969
0.08342955
0.09462414
0.10594607
0.11418511
0.11375400
0.09550025
0.10818528
0.10047935
0.06904565
0.06499289
0.10004449
0.11348300
0.10208845
0.10541975
0.12115282
0.11829103
0.12860500
0.12239067
0.12224208
0.09824465
0.06322977
0.14687654
0.10983539
0.13290763
0.14203817
0.13314934
0.13503801
0.11636990
0.10588119
0.12226196
0.12214373
0.14469802
0.12705952
0.12125118
0.14827657
0.11621609
0.12180365
0.09943112
0.09766371
0.07542489
0.06948000
0.14714335
0.13236143
0.13139773
0.13580187
0.13614297
0.14139570
0.13784854
0.09216728
0.11766111
0.13186022
0.12888752
0.12384929
0.11331140
0.13615972
0.12963461
0.14336705
0.14445631
0.12179110
0.12727508
0.11531518
0.14188436
0.13712237
0.12710347
0.14799301
0.14579670
0.14966090
0.14440608
0.13250269
0.10317447
0.11100626
0.14134758
0.13366625
0.12981354
0.13799503
0.13829219
0.15622681
0.14684619
0.13836230
0.12245867
0.12213849
0.14261785
0.13766439
0.13838114
0.14497216
0.13796992
0.14650194
0.13251211
0.11860179
0.13522218
0.12932699
0.13622250
0.13977071
0.12172100
0.14018297
0.14069255
0.15172642
0.14731496
0.14258751
0.11106486
0.06392487
0.10620556
0.10438877
0.14657100
0.09310105
0.10432421
0.09938853
0.09741844
0.10201447
0.10636775
0.07948111
0.12198049
0.11690669
0.12053651
0.09695459
0.09132978
0.05318503
0.09624516
0.10766105
0.07062199
0.04470009
0.11488303
0.09091019
0.11950376
0.13304784
0.13130461
0.13212286
0.10009629
0.10428445
0.11426882
0.09013400
0.12547011
0.08714862
0.05271521
0.08366644
0.09089009
0.09294786
0.09096637
0.04507594
0.05135536
0.07589366
0.04752087
0.06635221
0.04973246
0.07838682
0.06589590
0.05590326
0.04940809
0.08892837
0.05971233
0.06536340
0.05285846
0.02978391
0.03575957
0.03181427
0.03427520
0.05271699
0.04305500
0.03510099
0.05763488
0.06170774
0.09488364
0.08719759
0.03428242
0.12108376
0.10169366
0.09678685
0.03801887
0.10273144
0.12066731
0.12119467
0.13496268
0.13944634
0.14048956
0.14190737
0.13105453
0.12978006
0.13379494
0.12959695
0.14083486
0.07839739
0.08084357
0.12450431
0.09287023
0.10015740
0.09484073
0.13084944
0.02761700
0.04122010
0.09182784
0.09701664
0.05702046
0.11899418
0.06570870
0.02178407
0.02681445
0.06930807
0.04603859
0.02207967
0.04337331
0.06900934
0.05879247
0.08791121
0.03918483
0.02530497
0.03588723
0.07668732
0.09819578
0.11547945
0.13844601
0.13598811
0.13725840
0.14793754
0.13358567
0.14175461
0.11112974
0.14112889
0.13703134
0.08824720
0.08189349
0.12191143
0.08583805
0.08036633
0.10999967
0.13283020
0.10612814
0.13161643
0.12566054
0.13146470
0.11339824
0.09706403
0.10836211
0.09915529
0.10654040
0.10267902
0.09560322
0.10134009
0.07924243
0.10408396
0.11444461
0.10940533
0.11494476
0.12292954
0.09879848
0.07699275
0.12269097
0.11516450
0.08925642
0.07098717
0.04869227
0.04143806
0.04813676
0.04056038
0.04848352
0.04431733
0.04290056
0.05362889
0.04649083
0.05497566
0.05642613
0.04857769
0.06080839
0.05135609
0.05908357
0.06598431
0.06270962
0.08145025
0.08076259
0.09028331
0.07346056
0.07054446
0.07730238
0.07216642
0.07132525
0.06573737
0.06029044
0.07017038
0.08830088
0.12804938
0.06241162
0.05581809
0.06705714
0.06924917
0.06463032
0.05760150
0.05626635
0.07705679
0.07292210
0.07969561
0.06689161
0.07555935
0.09820562
0.10059561
0.09793503
0.08924710
0.08744725
0.10955182
0.11038263
0.12024772
0.11667754
0.11534552
0.12285106
0.12144057
0.10920234
0.10407926
0.09796056
0.10737854
0.11569396
0.11541354
0.10839560
0.10666387
0.11137563
0.11790283
0.11904335
0.11571907
0.11272125
0.12113817
0.12796986
0.13329374
0.12610419
0.11663778
0.14050107
0.11695168
0.11469259
0.10555368
0.09459400
0.11240630
0.11928611
0.12086507
0.10002733
0.06873760
0.07909908
0.08532576
0.08965968
0.07818121
0.06976952
0.08288481
0.08358817
0.08729522
0.08410466
0.07518580
0.07714071
0.08019336
0.07580398
0.06375640
0.05300987
0.05643586
0.05608585
0.07396721
0.07565310
0.07664693
0.09543266
0.08825431
0.08745311
0.08099896
0.07280376
0.07783644
0.08202439
0.10226874
0.07810346
0.05483011
0.05497441
0.05816131
0.05966022
0.04106587
0.04443829
0.04968788
0.05963416
0.03896070
0.02945127
0.03817457
0.03105409
0.03089138
0.03508080
0.02751593
0.02882032
0.09855981
0.10468206
0.13945262
0.13243154
0.12365781
0.12724054
0.12693919
0.12580599
0.12192608
0.12400206
0.12489565
0.11518020
0.11727919
0.11068503
0.10543335
0.09907420
0.08334249
0.07113910
0.05281880
0.06400763
0.05776693
0.06028866
0.05727650
0.06795304
0.07686248
0.07233593
0.05640049
0.04526010
0.02628697
0.08600286
0.08047264
0.06806574
0.11892825
0.10512049
0.06912852
0.06004193
0.09173042
0.04080198
0.05273718
0.04249782
0.05995477
0.07591051
0.10655191
0.13415071
0.11453041
0.13046961
0.11966594
0.12890635
0.12623394
0.11386806
0.12750632
0.12319636
0.12409832
0.12271608
0.12182039
0.12562392
0.11912602
0.12644531
0.11438496
0.11967012
0.12954254
0.12705534
0.13258744
0.13211867
0.12547847
0.13743210
0.13128787
0.14033783
0.13591591
0.12054174
0.12197944
0.10181776
0.12398218
0.11840717
0.07457954
0.12645892
0.09371317
0.10638973
0.09489692
0.06009843
0.10806181
0.08031286
0.09882234
0.08715606
0.04403753
0.06909065
0.06320141
0.08666238
0.07815495
0.03933153
0.06244113
0.03947823
0.05427376
0.05753171
0.03733727
0.08731699
0.07861525
0.09638830
0.09778100
0.06084040
0.08510634
0.08114387
0.12708778
0.11257162
0.08101256
0.08764146
0.08212557
0.12434317
0.08635015
0.06518625
0.06525615
0.06124378
0.09839951
0.07258643
0.06856913
0.02896838
0.04257765
0.05425043
0.06136411
0.04094209
0.05200316
0.05783463
0.02637937
0.04953888
0.03331527
0.02413786
0.07367590
0.08026127
0.08666866
0.06430710
0.06939942
0.06395479
0.06929793
0.06258458
0.05320114
0.07346202
0.05934055
0.06488323
0.06342345
0.05188231
0.05678262
0.05009324
0.05374096
0.05699095
0.04907252
0.05373436
0.02988133
0.05615439
0.06940612
0.02671452
0.03960023
0.03018498
0.06022692
0.02698197
0.02668062
0.05304743
0.03667786
0.02957893
0.02349382
0.03772589
0.05611149
0.05126370
0.03552341
0.03603110
0.02322145
0.06090371
0.04014277
0.08310141
0.07831253
0.02015394
0.08896740
0.02007337
0.10875449
0.10249465
0.08285132
0.10794147
0.05023848
0.08670183
0.09300772
0.08411240
0.07838808
0.09487223
0.12885508
0.12750423
0.04399851
0.10722576
0.11520635
0.15666000
0.12709301
0.14381070
0.15134764
0.13976862
0.12361072
0.11108370
0.11794259
0.08941672
0.07655308
0.07689043
0.06625689
0.08907791
0.07657379
0.05389289
0.09084856
0.08316775
0.08009522
0.02291320
0.07009337
0.07262996
0.11816860
0.13451798
0.07162870
0.12283537
0.12463092
0.08976327
0.10999757
0.10616789
0.11508811
0.12241892
0.11644525
0.12470417
0.11572953
0.10348524
0.11827847
0.11718083
0.11620772
0.09022032
0.04794046
0.07781268
0.06804429
0.05561175
0.10376650
0.08424706
0.08845919
0.06861988
0.04036816
0.03082316
0.03900580
0.03297290
0.03362991
0.05649079
0.09798787
0.10489134
0.10905376
0.04256981
0.09324085
0.10108446
0.03855074
0.07795321
0.06430710
0.07195872
0.06132393
0.06110545
0.09633337
0.05456497
0.10204921
0.09729455
0.09224157
0.10047517
0.10813819
0.09625227
0.07934068
0.03733162
0.04144015
0.03065344
0.02489511
0.02111178
0.03580728
0.08779517
0.06513143
0.07166009
0.03639325
0.01912140
0.03393189
0.03457530
0.06171360
0.02235747
0.01922540
0.03043297
0.02378304
0.06434351
0.04213515
0.01910225
0.07118315
0.07125588
0.10285313
0.07145605
0.06894426
0.09083233
0.09015566
0.08158586
0.08911432
0.05722722
0.11448855
0.08302293
0.02729692
0.03260846
0.03233829
0.03673111
0.04905849
0.07555956
0.08340967
0.07769874
0.08916193
0.09223059
0.09063468
0.09361450
0.05469576
0.05552552
0.05432566
0.09492078
0.08835497
0.02983497
0.05046365
0.05963154
0.05583598
0.03962587
0.03167353
0.13974245
0.12030527
0.11823348
0.10973808
0.03465367
0.12103772
0.11801688
0.08278886
0.09857561
0.11795828
0.13709934
0.02511976
0.02554322
0.02488747
0.02185240
0.11625376
0.10189959
0.07528227
0.12297976
0.09846575
0.08496372
0.04883698
0.07216067
0.11894081
0.10242381
0.09911972
0.02871589
0.06650707
0.04425403
0.05947156
0.07997038
0.04783049
0.07511025
0.07792548
0.08214733
0.11840298
0.04323780
0.09360017
0.10628508
0.08645677
0.08670768
0.08542056
0.07281736
0.06899783
0.06067895
0.09085525
0.08836460
0.11257476
0.07587409
0.04119185
0.03973135
0.05019463
0.02641767
0.09950122
0.09030497
0.02962916
0.06757698
0.03163817
0.03194391
0.02548525
0.03297531
0.02918027
0.03156042
0.03161096
0.03142105
0.03355688
0.03461423
0.03284776
0.03412882
0.03467512
0.04103459
0.04377626
0.02718653
0.02913067
0.02775230
0.04567666
0.04007256
0.04258613
0.05550847
0.03085047
0.05874475
0.03097634
0.03475423
0.03468423
0.03582580
0.06037969
0.03975771
0.05625097
0.04692570
0.04302759
0.04299390
0.04374539
0.05225220
0.05277967
0.04345283
0.02097293
0.03774483
0.04216392
0.08201371
0.02227387
0.01933579
0.02676338
0.02128098
0.02088127
0.02104293
0.02203854
0.05209880
0.02771578
0.02123285
0.02062575
0.02647699
0.01998621
0.01943656
0.01838654
0.06369666
0.02296060
0.02244893
0.01796360
0.01542021
0.06519316
0.01873225
0.06938153
0.07054540
0.05647164
0.03624696
0.07002431
0.09070666
0.10986364
0.10511735
0.06721420
0.08342432
0.04774751
0.02912983
0.02269064
0.02654836
0.03630880
0.02695445
0.02763919
0.02980944
0.07201449
0.03599008
0.07518151
0.03091471
0.09731914
0.08123523
0.09777012
0.07664662
0.12534454
0.08915062
0.07510240
0.12615652
0.09825396
0.13049054
0.13784960
0.08124223
0.12251937
0.11343382
0.13060355
0.12023411
0.10595339
0.12571705
0.11864156
0.15456519
0.12400102
0.11052703
0.12980204
0.13625598
0.12785476
0.12122607
0.11230898
0.12410146
0.11952259
0.12602677
0.12196794
0.11467585
0.14028762
0.12141231
0.12893669
0.12170111
0.11539889
0.12121456
0.11873991
0.12410356
0.12087763
0.11510486
0.15446160
0.12086507
0.12972984
0.12109527
0.11177847
0.12188736
0.11842705
0.13322991
0.12033770
0.11165501
0.12339517
0.11533087
0.12408891
0.11941168
0.10790381
0.12059615
0.10699452
0.11856936
0.11574314
0.12179110
0.11933634
0.10449236
0.11318688
0.09495112
0.13783703
0.10827945
0.11144679
0.11826905
0.10258411
0.11203588
0.09427789
0.06734019
0.14075951
0.09870589
0.10443858
0.11512683
0.10919083
0.11752718
0.11275996
0.11815395
0.11766740
0.10893447
0.11562490
0.09839197
0.11048936
0.11024138
0.11181301
0.09915247
0.10970250
0.08898373
0.11101359
0.10970146
0.08795097
0.11040775
0.09210429
0.08682686
0.10329773
0.08399510
0.08359686
0.09144770
0.08887868
0.08292614
0.08246616
0.08358032
0.10540301
0.11527646
0.05227961
0.09187933
0.04176986
0.05303728
0.11384295
0.11188835
0.11536226
0.11058667
0.11308748
0.11325594
0.10498132
0.10831189
0.11372261
0.11732732
0.11444565
0.11170209
0.10267818
0.09845528
0.11604031
0.09926694
0.11086396
0.11685228
0.11411814
0.11543551
0.10135935
0.10154068
0.11565210
0.11159328
0.08498401
0.11062853
0.11433264
0.10749049
0.11337418
0.11621714
0.06813092
0.11454401
0.05793602
0.09757738
0.05864525
0.05290764
0.04474153
0.04123674
0.06928757
0.04227672
0.03635589
0.04278598
0.05792588
0.06111497
0.04118872
0.06205649
0.03535714
0.03737578
0.03428357
0.04170813
0.09566349
0.06982174
0.07440793
0.04373231
0.02394606
0.02382970
0.03156775
0.04115806
0.03010138
0.03286638
0.02333645
0.02313377
0.05445018
0.03303966
0.03647853
0.02322627
0.02434954
0.02403249
0.03542567
0.04702186
0.02319802
0.02435445
0.02381840
0.02528289
0.03042931
0.02495088
0.02594189
0.02312498
0.03247463
0.02386664
0.03356117
0.02355388
0.02638324
0.03025980
0.03018969
0.02802812
0.03082734
0.03380717
0.03259171
0.04701192
0.04451646
0.05144158
0.06798809
0.11031985
0.11640862
0.11117159
0.10400496
0.11418092
0.10317802
0.11712015
0.10968053
0.10263046
0.09611017
0.07762560
0.08141488
0.09057744
0.05579235
0.07267328
0.06488344
0.05954585
0.04312940
0.03875687
0.04687756
0.03185905
0.03850533
0.03336278
0.03547810
0.04631850
0.03593233
0.04631986
0.06078694
0.04204412
0.02046702
0.04541423
0.06390478
0.06291502
0.04176630
0.04185200
0.03821454
0.04219971
0.02620243
0.03546377
0.05222112
0.05208656
0.07101720
0.06239844
0.10001561
0.02948601
0.09860575
0.05610029
0.05884416
0.03011059
0.06476520
0.04762184
0.04240364
0.03451733
0.03813941
0.05063892
0.03988160
0.04569403
0.08589048
0.03180747
0.03298358
0.06514775
0.06977622
0.04322033
0.03337607
0.09143587
0.03918389
0.06225509
0.06432259
0.03524821
0.03472493
0.05456779
0.07804006
0.05808869
0.04268595
0.05465307
0.04302309
0.08210810
0.07942440
0.04459472
0.02519384
0.03458011
0.03306614
0.04323885
0.03728119
0.04147008
0.02872259
0.09104035
0.02565110
0.02760183
0.02537696
0.02560339
0.02440844
0.02468060
0.02648254
0.02400434
0.02460725
0.03391609
0.02380229
0.02605939
0.02437465
0.02711758
0.02466072
0.02644445
0.02846299
0.02555578
0.02702947
0.02498541
0.02724848
0.02860173
0.02570248
0.02728384
0.02122772
0.02599138
0.02728050
0.02607812
0.02712072
0.03612182
0.02421403
0.02624711
0.02467077
0.02670081
0.02441619
0.02329062
0.02400643
0.07191665
0.02301448
0.05943724
0.03880511
0.03549840
0.02745482
0.07548463
0.02897769
0.03027675
0.07056947
0.03286366
0.08294132
0.07585202
0.06116384
0.05945984
0.04533733
0.04338628
0.04780370
0.05438698
0.05381378
0.06578488
0.07645650
0.05526006
0.05718307
0.07081756
0.10436251
0.07381392
0.07201303
0.09491973
0.02598562
0.05934108
0.05830581
0.07756836
0.08057110
0.05171573
0.07309067
0.10667433
0.07535572
0.06429758
0.02581350
0.10504620
0.03772788
0.13263139
0.09246487
0.07038583
0.10970564
0.03130773
0.06900474
0.12406798
0.03328618
0.13837800
0.11782434
0.11594195
0.13768950
0.03403381
0.13155259
0.09614910
0.08426171
0.04165665
0.02962037
0.13370286
0.02944165
0.05486737
0.05050802
0.10513723
0.06886484
0.02905617
0.06216154
0.06505943
0.09631735
0.06470127
0.03637494
0.07147540
0.05697557
0.04210554
0.10298989
0.02975503
0.06050996
0.03538372
0.07320703
0.05484194
0.04724787
0.05345760
0.02693959
0.06436926
0.03888275
0.03805361
0.04542271
0.03091545
0.04641863
0.04464348
0.02245939
0.03465828
0.02298048
0.02803680
0.01586659
0.10324635
0.07835062
0.03584610
0.07487963
0.07606694
0.08734649
0.08013707
0.11305399
0.13127217
0.02108615
0.04316634
0.04146883
0.03208287
0.05298088
0.04005603
0.03409512
0.06891579
0.04740409
0.08146772
0.03639241
0.08215790
0.06467594
0.09753166
0.05246733
0.03799020
0.05008958
0.08138192
0.06855302
0.12662005
0.09898411
0.02946917
0.09560426
0.06675914
0.14184774
0.06796109
0.07357189
0.12189678
0.08170671
0.10631648
0.07145563
0.11216772
0.10083711
0.07472163
0.11747277
0.08066087
0.10295735
0.07432035
0.06395678
0.10942940
0.06403254
0.04399924
0.06484577
0.03380706
0.06548886
0.03861959
0.03506719
0.06662228
0.04490005
0.06328502
0.02928396
0.05008979
0.04074014
0.03467429
0.07096886
0.05760538
0.03210045
0.04519052
0.02338856
0.09874345
0.06205534
0.03440276
0.09935075
0.04056781
0.09718636
0.08200336
0.04949064
0.10961879
0.11298493
0.15872657
0.16161976
0.11948806
0.13677497
0.11794154
0.13195335
0.10137452
0.14069150
0.12572018
0.09967962
0.07349394
0.04127243
0.02523999
0.02773074
0.09079582
0.09266932
0.11471038
0.11424789
0.14093321
0.16215759
0.16390396
0.14564183
0.09753082
0.11417360
0.08353711
0.12568984
0.14303953
0.04959580
0.06430459
0.04411988
0.12391940
0.07714438
0.06045074
0.09084165
0.03910782
0.09110386
0.11760461
0.11078234
0.11896174
0.11604135
0.11873677
0.11278194
0.04609457
0.12105551
0.11160269
0.11640758
0.11350393
0.10985318
0.11208401
0.11267521
0.10995467
0.10866451
0.10575354
0.11420080
0.11699877
0.06911534
0.07363227
0.06942422
0.08119735
0.08023228
0.10034270
0.09541246
0.11891256
0.12435259
0.11954352
0.12522526
0.11876189
0.11705737
0.11775634
0.11409408
0.11650384
0.11285413
0.11059400
0.11171988
0.11141120
0.11393294
0.11256220
0.11399885
0.11257685
0.10988770
0.11036380
0.10688779
0.10922432
0.11635107
0.11593881
0.11673718
0.11691297
0.11202228
0.10856720
0.10585399
0.10852953
0.10650692
0.10523978
0.10854523
0.10942836
0.10942836
0.10765058
0.10813610
0.10998083
0.10636252
0.10455524
0.10632903
0.10442455
0.10388777
0.10264511
0.10941266
0.10980085
0.11316491
0.11818011
0.11319211
0.11986266
0.13343395
0.12285630
0.02479235
0.02484990
0.05493893
0.02504285
0.02709780
0.02708336
0.02301302
0.02516978
0.03214209
0.03095301
0.02917273
0.02686896
0.02434859
0.02607781
0.02787619
0.02719825
0.02758520
0.02571598
0.02790277
0.02780409
0.09249730
0.03174783
0.11148550
0.02820569
0.02738586
0.02507121
0.02357125
0.10588224
0.02795874
0.03682476
0.11700505
0.11023929
0.11461097
0.11606647
0.11543342
0.11629561
0.11807443
0.11437241
0.11732419
0.11324024
0.11554433
0.11715991
0.11290332
0.10979667
0.11254650
0.11398420
0.10971820
0.11184963
0.11599427
0.11508916
0.11788818
0.11074676
0.11181928
0.10910503
0.11647245
0.11400827
0.10719647
0.11083047
0.10415867
0.09773350
0.10414831
0.10391319
0.10391917
0.09699100
0.09401662
0.08779600
0.02858729
0.10507968
0.10262827
0.10303938
0.11144050
0.10119915
0.11756171
0.11316595
0.10647343
0.04489576
0.10765478
0.09843895
0.10315386
0.10706985
0.04364295
0.07256163
0.04976416
0.06026941
0.05207850
0.03346637
0.03787730
0.03242723
0.02685243
0.02605102
0.02217771
0.02314319
0.02311546
0.02374191
0.02432631
0.02429303
0.02530005
0.02505196
0.02542729
0.02728960
0.02731377
0.02801797
0.02774989
0.02816498
0.02877261
0.02824137
0.02898156
0.02807259
0.02919000
0.02921344
0.02887577
0.02875346
0.02888666
0.02854984
0.02831587
0.02864244
0.02983236
0.02819229
0.02870428
0.02441033
0.02607007
0.02702445
0.02681591
0.02904665
0.05230525
0.02969591
0.02973693
0.02777218
0.02884993
0.02809404
0.02817178
0.02945902
0.02624742
0.02770406
0.08034917
0.09472867
0.02673576
0.09895439
0.09755164
0.09938644
0.10151065
0.09174538
0.09880884
0.07311002
0.10374463
0.07587524
0.04012990
0.06856474
0.07410344
0.03792407
0.03700254
0.05649927
0.09537480
0.08845710
0.09098531
0.06878489
0.10954764
0.11489663
0.10891982
0.12462988
0.11645048
0.13471261
0.13381378
0.12370175
0.13044764
0.13163421
0.13911777
0.09887037
0.11721537
0.12745714
0.07904676
0.10496668
0.10802205
0.08617331
0.07161865
0.06749264
0.12025505
0.12097913
0.12825342
0.12802531
0.12575680
0.11862900
0.11530680
0.10454290
0.12384720
0.11721955
0.09772890
0.10984585
0.11133587
0.11736186
0.07991074
0.02467380
0.02528959
0.04069944
0.05260618
0.04284155
0.03238056
0.02948047
0.02798459
0.02431856
0.03493337
0.11048308
0.11319734
0.10772488
0.11261034
0.11348614
0.10865823
0.11425208
0.11698622
0.12044130
0.12243461
0.12291489
0.11860807
0.11282274
0.12461732
0.12225778
0.08471887
0.12040153
0.10761187
0.10374787
0.06581616
0.08999399
0.09627320
0.06879913
0.09207259
0.06795409
0.05016303
0.03709692
0.03851610
0.03677276
0.03195103
0.03228492
0.03110149
0.03210882
0.03161002
0.03171204
0.03201862
0.03345182
0.03789289
0.03327593
0.03592751
0.03890922
0.03849486
0.03894919
0.03734533
0.03699051
0.03667063
0.03209030
0.03386451
0.03319787
0.03330094
0.03644002
0.03617696
0.03869765
0.03553157
0.03596821
0.03803572
0.03050998
0.03103473
0.03617728
0.03740162
0.03403998
0.03106581
0.03072564
0.03004226
0.03129507
0.03337722
0.03078005
0.03249419
26.62463624
26.40071515
26.05018447
26.11505881
25.20367904
25.46631546
25.15763919
25.73627640
26.12970785
25.62117678
25.96124385
25.71430284
25.56990512
26.28666189
25.94450209
25.78336261
25.13775835
25.48828903
25.63687218
24.36659085
24.99231427
24.18766325
23.88945058
23.40184671
22.20062516
21.41690134
17.15402973
10.91144456
2.00691894
0.00000000
0.00000000
0.00000000
0.00000000
0.00000000
0.11928507
0.78895562
0.74919393
0.00000000
0.00000000
0.00000000
0.00000000
0.00000000
0.00000000
0.00000000
0.86010812
5.35527170
5.13658241
5.51745753
6.61927486
5.78009395
6.99387183
5.61686176
5.81148476
5.06438355
4.06824860
11.29336604
16.37972316
19.90177172
28.01734172
25.53432888
32.53866431
31.76540409
38.43281152
50.47118606
50.46072245
63.01913803
64.65878452
74.78336618
85.50855861
87.85868370
98.48970372
106.78524768
121.84237150
137.84121953
144.65302468
152.93915140
155.89721179
146.68714898
136.47258034
113.71843061
80.94642797
72.08584948
100.88796138
99.15518883
71.40676169
45.00395382
14.16667126
6.25828058
1.32573842
0.55038548
0.45621306
0.28774907
0.37041152
0.65292879
0.49388203
0.43947130
0.45516670
0.35680884
0.33692800
0.26159006
0.33902072
0.69582956
1.33515566
2.48196648
1.63860013
0.67908779
1.39898364
1.75683884
2.35117145
2.94550407
3.27615390
2.82935808
3.09931902
1.50675874
0.53259736
0.53469008
0.43005406
0.38506057
0.98776406
0.88626712
0.58072993
0.89986980
1.50048058
0.60479622
0.44470310
0.57235905
1.20645335
2.00901166
2.43697299
2.43069483
2.57823163
2.35849598
2.49138373
0.43110042
0.22706017
0.38401421
1.43979169
2.10632316
2.13038944
1.32259934
1.73381891
1.43665261
1.70870627
1.88344843
0.83918091
1.16983075
2.06656147
2.49975461
3.34416732
1.82694497
2.02679978
1.27028133
1.92216376
1.45444073
0.68536596
0.92498245
1.18134071
3.12338531
3.53879032
2.95910675
2.79482819
2.68077493
2.19107834
1.24935412
0.53050464
1.02857211
1.61558021
2.82517264
3.21441865
2.89423242
4.44284557
4.42924289
3.28033934
1.11018821
0.07324522
0.66339239
2.12934308
4.06929496
3.97407618
2.92771594
3.60785010
3.80979762
3.00200752
0.46039850
0.00000000
0.46772303
1.01287671
2.20886646
2.99259028
2.69542397
2.60334427
2.54788718
1.53187139
0.31600079
0.10149694
0.66234603
0.60061078
0.79104834
0.81511463
0.86010812
0.95532690
0.85278359
0.70106136
0.17997396
0.16009312
0.25531190
0.10777510
1.09972461
1.60511660
1.95983272
2.16178025
2.18689290
0.77221386
0.00000000
0.00000000
0.00000000
0.00000000
0.00000000
0.00000000
2.43906571
5.15750961
3.29184931
0.48027935
0.08266246
0.05964253
0.61421346
1.13530086
1.82589861
0.90091616
1.21377788
1.50780510
0.14544407
0.00000000
0.00000000
0.00000000
0.00000000
0.00000000
0.00000000
0.00000000
0.00000000
0.00000000
0.00000000
0.00000000
0.00000000
0.00000000
0.00000000
0.00000000
0.00000000
0.00000000
0.00000000
0.00000000
0.00000000
0.00000000
0.00000000
0.00000000
0.00000000
0.00000000
0.00000000
0.06487433
0.00000000
0.00000000
0.00000000
0.00000000
0.00000000
0.00000000
0.13498047
0.61839890
0.51690196
4.21473904
4.41459384
4.02744055
1.08193649
0.18415940
0.83708819
1.89286567
3.26255122
3.63505547
2.88062973
7.11001781
7.14768678
3.34521368
0.23961649
0.07219886
0.06173525
0.64769699
1.85205762
0.75756481
0.19148392
0.16846400
0.32227895
0.21764293
0.00000000
0.00000000
0.00000000
0.19880845
0.88940620
1.32783114
2.86598069
2.70170213
2.93504047
1.86252122
0.22496745
0.29821267
1.39898364
3.62877730
3.51786312
1.76625608
2.16805841
2.53637722
2.43801935
0.80255830
0.25426554
0.26472914
0.65397515
2.28943620
1.77044152
0.70524680
2.18689290
3.36927996
2.09272048
0.77012113
0.24380194
0.59433261
1.69928903
2.50394005
1.79764689
2.12201856
3.79828766
3.28138570
1.53396411
0.00732452
0.00000000
0.00000000
0.81092918
1.73172619
1.11646637
1.72649439
3.41741254
4.00651335
2.59497339
0.37773605
0.10045058
0.83185639
2.68182129
2.65775500
1.13006906
2.58764887
3.95000990
3.87153288
1.52559323
0.10045058
0.81616099
1.98075993
4.06197044
4.21473904
2.39197950
3.34207460
3.12443167
1.31004302
0.33588164
0.00000000
0.00000000
0.21345749
0.70524680
0.59223989
0.61944526
1.16355258
1.21587060
0.12556323
0.00000000
0.00000000
0.00000000
0.00000000
0.00000000
0.00000000
0.34529888
1.84368674
2.27687988
0.96683686
0.00000000
0.00000000
0.00000000
0.00000000
0.00000000
0.00000000
0.00000000
0.00000000
0.00000000
0.00000000
0.00000000
0.00000000
0.00000000
0.00000000
0.00000000
0.00000000
0.00000000
0.00000000
0.00000000
0.00000000
0.00000000
0.00000000
0.00000000
0.00000000
0.00000000
0.00000000
0.00000000
0.00000000
0.00000000
0.00000000
0.00000000
0.00000000
0.00000000
1.20959243
1.38014915
1.14367174
14.62288432
16.11499402
25.87544231
19.53031383
11.69516837
14.09865784
19.14211419
22.58254665
16.05430512
18.74554366
39.81819248
38.40979160
45.85569105
33.24809655
28.29776626
35.24245916
43.24711498
54.33644077
55.05110482
52.62982723
70.22960642
79.34445045
87.14088058
71.29375478
63.16876754
69.36740559
66.29215285
80.97572606
86.01185788
72.27419433
100.76972267
100.14295289
104.03018117
82.53375646
66.75150499
84.06248876
89.94303330
100.93400123
91.91019054
73.00769285
112.28596345
127.69780339
118.67085362
91.78567368
78.41632892
82.48039208
82.92928062
103.66081601
75.42583136
50.67104086
86.03592417
88.32012857
82.95857871
54.17844038
50.62290829
55.09295923
50.98285621
60.61146312
28.97790042
15.82619859
71.89227284
87.83147834
69.70537994
49.36936873
44.32381966
60.20861443
67.08529391
79.74311370
57.79466136
41.96009188
67.04030042
68.63809250
67.94644838
43.37163185
42.22900647
42.21017198
39.03551502
41.22868608
21.04858254
7.98896041
30.06820779
42.52303369
30.60394423
14.18445938
10.61113917
9.56268621
6.79192430
15.23291234
6.91644117
5.66604069
10.52743035
15.77701966
23.38615131
12.89638993
11.04433231
13.26784781
17.55060026
25.01114876
10.67078170
10.42174797
20.22405067
19.44241957
23.54729079
18.11354207
17.89276006
20.86860858
21.06950974
28.34380611
21.91810790
15.55833037
26.84332553
27.61763211
26.55766919
15.10211731
14.18236666
7.68237686
5.55721922
6.25095606
1.60407024
1.27551313
2.82831172
1.20645335
2.23711819
1.28388401
1.12588362
0.00000000
0.08894062
0.48655751
0.14230499
0.30867627
0.46249122
1.10809549
0.64351155
0.03976169
0.07847702
0.28879543
2.29362164
3.87676468
2.19317106
4.92312492
5.70475601
6.65589747
8.17625890
5.26319199
8.99974440
9.31260611
9.98018395
16.54504808
13.64035206
17.02323470
17.65418993
20.28683229
22.42454625
17.23773855
18.22131718
15.32080660
18.31130416
20.38309743
14.86145445
20.08593112
32.44553825
37.37808040
38.82728933
31.45463510
36.31916384
32.60772408
34.75276257
44.50065454
35.06039248
45.34192817
48.08129927
52.11920343
59.99306422
47.43674137
50.18971515
51.99050112
47.82598738
55.65904011
27.23257154
28.80629734
28.94127781
22.46849338
24.15836516
16.84953890
8.35100106
3.66749263
2.33129061
1.72858711
0.19776208
0.66339239
1.10704913
0.73559125
0.24275558
0.17683488
0.21450385
0.62467706
0.63723338
1.51408326
1.20122155
1.53501047
3.29080295
2.19526378
0.84545907
0.94486329
0.31181535
0.42586862
0.45725942
1.29434761
0.44679582
1.46281161
1.15727442
1.12379090
0.20927205
0.00000000
0.05964253
0.19776208
0.88940620
1.16145986
1.10600277
2.59497339
3.19349144
3.66749263
2.00901166
1.70347447
2.74669562
4.32669958
5.78951119
8.18462978
4.09126853
10.78692769
11.39067755
9.38166589
9.37120229
9.28226167
10.06180004
11.06839859
10.11202534
9.96030310
7.49821746
12.01954005
11.26406796
12.40983242
10.80890125
8.38448458
13.45409993
17.80591216
23.12665397
27.93572562
15.87851660
31.87945736
34.02763492
36.02304390
29.66326637
18.89412681
23.15909114
27.74738078
37.83743255
50.35085463
33.72628318
41.87638307
53.29008054
57.21916323
52.89141729
35.32826070
43.29420119
52.20814405
65.15789835
75.29712905
62.24483145
70.40853402
88.10457836
93.31335962
98.77954550
76.36441649
90.19206703
100.90051770
118.70852259
142.77166897
102.88964852
128.41037471
173.92390596
187.65424500
193.09322551
166.00295896
164.84882362
171.63551612
199.35464517
205.67256829
161.50256358
182.94248485
213.40830952
246.13113323
242.43643523
215.73122925
229.73885375
212.37659833
198.46837805
186.87470662
128.91262762
128.79020348
159.31776341
168.64606492
173.24377181
126.68806576
127.08986809
109.41370460
103.80521372
88.82342784
54.73928947
54.88577990
62.31807667
82.42388863
84.61601333
64.36057185
79.45955008
87.13041698
97.04258751
123.46841531
98.58282978
112.65114317
145.34048335
176.58898549
163.07524302
133.34082415
140.51676266
147.52842261
157.34851344
152.97891309
115.07765256
114.17150460
149.15969822
161.17714555
146.03108111
115.37900431
114.20603448
111.58594845
123.62432298
130.18604803
104.78774599
128.36433486
137.95631916
148.23366941
144.89264117
115.84777370
130.07827293
128.98587284
146.93827544
145.21282740
103.37097423
106.82814845
138.38846593
166.96456402
145.93376961
115.45538861
124.15587398
122.55389646
122.34567077
131.38308414
103.93600875
122.30695544
120.51140128
120.46850051
114.64655214
93.61157229
95.22924522
92.20840321
94.30112369
102.78815157
87.18273499
106.94429444
104.42256626
118.57249576
114.57853873
95.43956362
108.90412716
106.14382885
114.12127931
133.80436173
101.65180435
124.63824605
125.81854040
124.74288208
112.79240180
92.44174154
100.98108744
106.15010702
118.64574097
116.77170979
89.79026470
103.58233899
108.17795316
102.11011014
92.90109369
73.98080787
90.11463638
93.36986307
105.40823761
104.51987777
68.69878139
88.19561170
96.76948749
91.91123690
87.13774150
57.34681918
71.80437858
73.63550900
84.66309954
76.81016596
63.00239626
75.05332712
84.85353710
82.53166373
70.60211067
49.80256187
67.89622309
69.38414735
77.85966527
70.19926198
55.12435003
79.07030407
85.67492989
81.62760849
59.82669294
47.96096785
53.27647785
51.27792980
62.97519090
57.37193182
41.57817040
72.09317401
84.32931062
88.55032782
74.48410715
68.51462199
80.86481188
88.61520216
101.15478324
95.97634643
81.50309162
98.56713437
114.87151960
120.23620853
99.12170530
87.81892201
91.13797669
87.11995338
93.85118878
88.52940062
74.50189527
94.63177352
85.40392259
83.31015575
62.39864640
51.03622059
56.16966391
48.15140541
57.04232835
56.99628850
50.02752932
65.89035052
70.62931603
69.39670367
50.74219336
40.14256415
46.03880409
53.60503497
63.54022542
64.49659868
56.66459230
67.26003607
65.99289382
67.71834185
53.50876983
43.86865296
55.53766233
60.81864245
77.43693574
79.50558993
72.07433952
87.36270895
87.07705261
96.53301007
77.64934687
66.31621913
82.63316068
85.41647891
96.94841509
92.42604614
84.12422402
110.54691273
107.01021513
109.76214256
84.62856965
69.88744662
93.96001025
94.49888577
103.91298883
97.00491854
85.58598927
115.40725604
120.63801086
125.61868560
101.50531392
89.15721676
100.23084715
100.12725749
110.86500625
105.04201152
84.09387957
100.68915294
103.09996692
98.77222098
71.47791419
60.86782138
59.76705041
68.48637027
75.99400497
75.66230878
62.40597093
61.08755703
77.20569013
76.19595250
63.20329743
53.08080849
46.66557387
52.24058122
63.48895377
74.49561711
72.17479010
71.11691990
89.48682023
94.13056697
85.87687741
75.43524860
69.89267843
79.95238575
79.63638496
87.68289518
85.40182987
75.30340721
90.54887587
109.37289655
102.11848102
90.86801575
84.21107192
88.22490979
91.44456024
97.09385916
98.09522591
75.18516851
103.35004702
113.05817730
100.87854414
80.80726206
67.10622111
77.65457867
83.36456648
88.05958487
76.22943602
67.88157405
76.16979349
83.91599833
81.61400581
74.09800022
69.04512663
77.73724113
86.63862767
90.83453222
84.90585511
71.91006096
92.20003233
99.18553328
89.90222525
76.40208546
69.07965652
80.46405591
86.95776754
93.30498874
83.49326879
74.21100713
90.04557660
98.65084319
90.97683721
76.65844372
71.24143677
70.14799032
79.25864891
76.67937093
77.43275030
60.50264165
56.21047196
60.75586083
53.70967099
50.65325274
52.26987931
49.96160862
64.43695615
64.00794845
68.59414537
65.43936925
52.04072641
75.02088995
69.71061174
63.57161623
54.36364614
46.70533556
62.33900387
69.27114044
83.02868485
85.84025481
74.29157686
102.48470710
101.83910284
103.82090913
100.65148397
86.60828322
102.74211172
106.91499635
118.73572795
117.66216235
98.05337150
126.81572171
121.57450328
112.64067957
102.32042855
85.26894212
110.47052844
109.11235285
117.10863778
110.94871507
83.32166571
117.97816314
108.78798117
99.71185247
88.50951977
70.36877233
94.62549536
85.98883796
97.84096037
97.20477335
79.43548379
108.34432443
100.48511269
95.02311225
92.77971590
73.00873921
91.94053499
92.63217911
108.04611177
103.72987579
76.84051040
107.00289061
107.93938302
104.80344139
100.72891463
80.36883712
87.59186184
82.17066945
90.74245252
82.85812813
61.71118773
103.84183633
103.60954436
100.33652954
94.87871454
75.32851986
85.74085058
82.02522538
84.90899419
82.70535953
58.78661086
95.78800158
92.98061707
83.69312360
74.45480906
56.07758421
77.56354533
66.76406132
75.60894440
63.14993306
41.76860796
80.22339305
69.54737955
68.59623809
71.51244407
56.23453825
73.78304579
62.43840809
58.12531119
51.80424900
37.70245208
57.07895096
51.99573292
49.26996450
50.24517225
39.42790011
55.29595311
53.30786866
59.49918219
58.34609320
45.91428722
75.16319494
75.28038729
70.02661254
66.63326629
56.13513402
69.55888951
71.06564825
85.21662410
77.08745142
58.67778940
96.62927521
87.34805991
83.91076653
80.10515434
59.54312932
75.01670451
74.18694084
86.53922344
87.34596719
74.16915272
109.70668546
106.27148480
105.82050354
101.05747174
77.22766369
98.28147803
98.31705428
109.89084487
107.24983163
82.56723998
109.80190425
111.62257106
116.52476877
122.99650684
105.40823761
121.81621249
130.16616719
137.49068885
137.86005401
97.20686607
111.28773578
139.49551507
139.93917181
119.90869778
81.06675940
75.91238887
82.04824530
94.50307121
107.17030825
86.83534339
93.07478949
127.19868955
127.53980299
129.12817783
104.52929501
96.77576565
97.39416455
112.76205736
116.25166875
105.24500541
84.89120607
121.93235848
125.28908212
108.89470992
88.51370521
79.55581522
90.66397550
94.35448806
93.58122784
88.16212817
78.53770671
102.52446879
109.53403602
98.67072404
85.36729998
77.99046030
82.30355720
93.35835311
103.17007306
100.29990693
87.75300132
113.75714594
134.81933116
128.44804368
126.26952166
128.24295707
137.57649039
143.48005485
146.68714898
124.84019358
75.35153978
103.19518571
167.08384909
171.70457590
170.87795131
175.85862604
172.49248516
157.64672611
128.43444099
77.11465679
44.00363343
34.28608590
66.61129272
75.59115628
57.35937550
40.65423431
20.90104574
8.96207543
3.65075087
3.92175817
4.12893750
4.20532179
8.56341218
8.25996772
7.74097304
4.13416930
1.45757981
4.45749461
5.11460884
5.66499433
6.36605569
5.58965639
7.80166193
6.12957827
4.63432949
1.81857409
0.40180233
1.99750169
2.92143778
4.34658043
3.82026123
2.49766189
6.57009593
7.10792509
7.24395192
3.21755773
1.08821465
1.49106334
0.64665063
0.46353759
0.87580352
0.24170921
3.68632712
3.60052558
4.01069879
0.75965753
0.25008010
0.32123259
0.38401421
1.05787020
1.32783114
0.51167016
2.44952932
2.32815153
3.23534585
1.15413534
0.00000000
0.80569738
2.24444271
2.96957035
6.07516754
4.23461988
7.20837568
6.27816143
1.08612193
1.11332729
1.71603079
3.96989074
5.18994678
4.81430345
8.41273631
4.73687280
10.41965525
8.72664438
7.71376767
3.42369070
1.65429554
2.10527680
2.67972857
4.45854097
6.67473196
4.48574634
11.15629285
10.71158975
8.55504130
3.78259226
1.46281161
3.75434053
4.13626202
6.73228177
9.84520347
6.39116833
13.56082868
12.10115615
8.75594247
2.81575540
0.22601381
2.01110438
6.41942006
13.72719996
18.67229844
15.05084566
26.87262362
27.23780334
31.10201170
24.10709351
17.20111594
22.28538034
24.05059006
29.08462916
33.98054871
30.92308410
45.30112012
46.29306963
48.91210930
39.32744953
33.63838892
40.16244500
37.61246510
36.16116345
34.97563730
31.33325731
35.53753275
31.29454198
25.78231625
23.52008542
17.03683739
16.96149945
20.10371924
18.41803290
19.56170464
15.42125718
18.01832329
20.08802384
21.14694040
23.54938351
17.19693050
13.46665626
12.45377955
14.67101689
4.87185327
0.91556521
2.16596569
21.08625151
24.17719965
25.88381320
22.12214814
19.44765137
24.46180963
25.78440897
29.85475030
28.22452105
27.80911603
29.31482841
30.44280475
33.71581957
22.24457229
22.99376622
28.50599195
35.04888252
40.58098909
32.57424055
10.07644909
10.38303264
47.55393371
36.70527077
18.34688040
8.26729224
8.75280339
2.19212470
2.83982168
8.79779688
16.09720589
14.66892417
16.82024082
18.71729193
13.78998157
12.02163277
9.89228969
8.90661834
10.96585529
8.81453864
7.81526461
5.12193336
4.41668656
4.22624900
0.76802841
1.12902270
0.49178931
0.72408128
2.51649637
1.23051964
1.18971159
1.92321012
1.97134269
7.60076077
5.05078087
6.43302274
6.03435949
3.86630108
6.33989668
3.21860409
2.64624504
0.47086211
4.34658043
5.46723224
1.11960545
1.05682384
2.30199252
5.29562916
11.35300858
9.28540075
9.37957317
10.99201430
14.07040611
15.98001355
11.20023998
10.61846369
12.45587227
17.18542054
22.53859952
19.87038091
17.26285120
20.48982617
23.76493371
22.13470446
15.54891313
14.49208929
18.31130416
24.62922727
32.39531295
30.31096336
31.66495351
33.63838892
36.19778606
29.39016635
19.39742608
18.02460145
20.35589206
26.25108564
33.93450886
27.47114168
28.95069505
26.88936538
27.97339459
19.85363915
9.82322991
10.35687363
12.73629681
19.59414181
29.02080119
18.94330574
26.65393433
25.98740286
32.01025239
26.05436991
12.41924966
12.34914352
15.66296640
23.13502485
32.67050570
19.19024676
21.81137915
24.51098856
28.94232417
27.47637348
21.33423888
25.24867253
14.45232760
12.61596538
50.82171674
45.34715997
62.02404944
57.02663295
53.02953684
41.94858192
30.38734766
35.83469905
38.99575333
46.03461865
49.03034801
43.30885023
56.83096358
57.04232835
58.06252958
46.87903136
37.65013407
43.66461271
50.46804698
59.60067913
62.53467324
56.72632756
67.39083110
68.06468709
69.66247917
52.85898012
41.85336314
45.13579521
48.77085067
55.63602019
58.86404152
50.48897418
58.98332659
58.34923229
60.72760911
49.81302547
42.20075474
52.84433108
61.91104253
68.68727143
66.91892263
53.92522120
66.09543712
68.04689897
75.63301069
66.34447086
56.26802177
67.16167821
73.60516455
85.06804095
86.05371229
79.27434432
98.23543818
94.56062103
90.75710156
72.29512153
52.85374832
58.25505986
61.94138698
66.04416547
63.52348366
54.93914427
65.46343554
68.16304495
78.49480594
68.39429057
57.31752109
76.59775483
92.66461627
112.48267917
118.41449536
117.03539257
118.86966206
114.46553182
127.86103558
116.38664922
99.58838197
92.17596604
66.24402028
63.34664878
63.83529901
37.39900761
55.48011251
86.24938166
91.52826906
80.83446743
76.15828353
77.38775681
78.02185111
98.89359877
110.08337515
56.91885784
26.79937840
25.84928331
40.03374269
48.24139239
45.80546576
49.95742318
42.71242490
60.23895887
68.07096525
55.76472250
52.63505903
77.74979745
83.34468564
72.84864610
57.00779846
49.72094577
55.43616538
56.12571678
57.32275289
52.72086057
48.23616059
48.63377748
49.88836340
42.05740339
30.64579864
30.01484341
33.64257436
38.92355448
42.19447658
34.32480123
34.14691999
35.01016719
39.50219169
35.56787719
34.74439169
36.59958839
37.13113939
40.42717414
39.57020510
37.11753671
41.98834361
38.84507746
42.60988159
35.72483123
26.27096648
28.76025749
28.50913103
31.04027645
33.52224293
31.47974775
42.25411911
43.96177902
49.04708977
39.79831163
37.37598768
39.35884033
39.23118439
45.77826039
47.43988045
45.43819331
55.96980911
53.45122001
58.63384227
50.01288027
39.84539784
43.55265217
44.92966224
50.55594124
51.27688344
46.28574511
62.61419661
61.49877660
65.97929114
57.40227627
51.14922749
52.83700655
55.71345085
63.59149708
71.76775597
62.89880660
77.06233877
76.78609967
79.22621174
67.66497748
55.49266884
59.03355188
57.62724372
61.46320035
63.14784033
53.82267790
60.36766118
61.04465626
62.86113763
55.07935654
43.44278434
45.50934581
51.08853860
58.49990816
58.59094150
52.86735100
53.70130011
51.14085661
49.91138333
37.70140572
30.82472624
36.62365467
37.81022718
45.61712092
45.05208639
39.47917176
44.82921166
45.15776877
46.59337502
41.44632901
34.58011313
45.32518641
47.30594634
57.63561460
60.70982098
53.48679626
58.45700739
64.55624121
65.64968766
56.24081641
50.59256384
53.29321962
53.29217326
52.08781262
54.59070631
51.87644786
57.02349386
62.93752193
63.83843809
52.00305744
46.15181100
49.81093275
50.17611247
60.01085234
55.81494779
56.17803479
61.83779732
69.63108837
68.68622507
54.78219024
49.28461355
47.90237167
47.77785481
56.14455126
61.16603404
54.05392351
70.81242907
75.41327504
79.29108608
67.33014220
60.84166237
54.58756723
44.95896033
55.41837726
42.54919270
37.84998887
40.77979754
45.62339908
43.52544680
39.15375373
34.08727746
39.80145071
40.61656534
50.32469562
48.73422806
47.12178694
47.05900532
41.41912364
39.71355645
29.87777022
25.85765419
24.01501381
22.73112980
26.62568260
26.88622630
22.76252061
23.77853640
25.48828903
24.54133301
22.76356697
23.00946162
24.90442001
23.71575478
24.23893490
26.41536420
28.40554137
27.54543325
27.83841412
23.00632254
19.74691040
22.77821601
24.84477748
26.49698029
31.01621016
30.40304306
27.26710143
24.10186171
22.02379028
23.78586092
23.82666897
22.70915623
21.31749712
24.12174256
28.12197774
28.84710539
31.26942934
34.52151696
32.94151300
36.26161403
31.30082015
26.05646263
32.28335241
35.11166413
39.80772888
38.32817550
39.01249510
41.96113825
39.66647024
38.99470697
33.26169923
27.81644055
30.80484539
33.44795135
36.89570834
37.56223981
32.62655857
41.80418421
40.24824654
35.22362468
26.59533816
24.19289505
26.23852932
23.86015250
37.74012105
35.64635421
34.33735755
33.78697207
32.50518078
33.62060079
33.18636129
30.53593081
33.66245520
38.67138166
45.40052435
43.84667939
45.30530556
50.36341095
46.14344011
45.92265810
39.72715914
38.97901157
39.89876222
42.97820040
51.11679032
47.81133833
42.59941799
51.11260488
57.54144218
60.54658878
56.95757317
56.42811489
67.35839393
76.96711999
83.00147948
72.53369167
65.15266655
76.36441649
75.16738038
63.47325837
50.14786074
46.45211638
50.55384852
59.04192276
71.53860308
61.79594291
53.41041196
63.98911397
68.16723039
62.46875254
49.85801896
46.76811718
51.94132219
59.61323545
67.66707020
58.51978900
65.07942133
70.47864016
66.29738465
55.80239147
44.92443044
43.96910354
46.14344011
54.61581896
59.01785648
49.64560783
56.34859151
45.31158373
47.66275518
39.84225876
32.70817466
35.67983774
36.70527077
48.09699468
50.37910636
43.83935487
55.89865661
60.84898689
55.20178069
43.07132646
32.97290380
34.00461500
38.06030728
48.24453147
54.58652087
43.22409505
45.85673741
37.81231990
35.06353156
29.56072307
23.97420576
28.87535711
31.55299296
35.16398214
35.69971858
32.58575052
38.59290464
33.73151498
30.25132083
24.97452615
20.68340282
26.21237031
26.23329751
29.39016635
32.56482331
25.91938944
37.52143176
33.72942226
33.83301192
28.56458812
27.93572562
33.45109043
36.50646233
42.43827851
45.74163778
38.89007095
47.56753640
48.64005564
53.54853152
40.05676261
33.38935518
37.01499340
42.14006585
57.51423682
60.89398038
48.30940581
57.94533723
54.20773847
54.01625454
40.13628599
30.58510974
32.74898271
33.64152800
44.46298557
49.25008366
44.30917062
51.02366426
53.08080849
51.48197005
37.98392298
30.82054080
30.61859327
35.71122855
46.46467271
55.13062819
45.94253895
47.32373446
45.95090983
46.86647504
41.56456772
31.14595883
30.51918905
31.55613204
42.56593446
44.11245489
41.14079182
54.64407068
56.31510798
54.58442815
41.43377269
29.06579468
30.69707029
34.92122657
41.68803822
47.18142947
39.42371467
50.41572896
37.00557616
29.82335949
21.21495382
18.45256279
23.90200691
19.73435408
22.66625547
26.48965577
18.26840339
24.65852536
21.71720673
19.77725485
17.72220334
17.50246769
23.48660189
27.10073015
33.01057277
37.80394902
33.14659960
52.85060924
50.40735808
45.15358333
30.31724152
23.97315940
28.64934330
34.01717132
40.59459177
42.16413213
39.78261623
54.65558065
51.14608841
45.47272320
35.12422045
30.63010323
37.98601570
36.03769294
42.01136354
40.77979754
30.41978483
47.41058236
47.57276820
43.20735329
29.19031155
24.77048590
33.09742067
44.82607258
52.13280611
50.37387455
40.21267029
48.26545868
51.51336085
50.85310754
45.18706686
36.40391902
35.67042050
29.90602195
33.81522380
27.34348573
19.29488278
30.75985190
31.93386809
30.67823580
27.98385819
18.56766241
28.62109158
32.53866431
40.81432742
41.05185120
41.04034124
61.47889576
71.72171612
84.30838342
90.29774942
92.70437796
114.75118817
124.02298623
137.28455588
128.14773829
110.35752153
149.23398980
152.66291229
148.52560392
136.19529488
120.03112193
124.15064218
124.98982309
138.89595065
138.06095518
112.46279833
137.12027733
140.97611480
140.10763580
131.11730864
127.52829303
125.78610323
120.82007755
122.55808190
126.08640862
98.82139991
104.39117546
101.40695606
91.55861350
81.82327785
60.16571366
51.35745318
42.50629193
42.17459573
44.02665335
15.60541658
9.12321491
14.14679041
10.07226365
4.19904363
1.12797634
0.20090117
0.04394713
0.04185441
0.00000000
0.02301993
0.02301993
0.53259736
0.17055672
0.09312606
0.00000000
0.00000000
0.00000000
0.00000000
0.00000000
0.00000000
0.00000000
0.24066285
0.08998698
0.00000000
0.00000000
0.00000000
0.00000000
0.00000000
0.00000000
0.00000000
0.00000000
0.00000000
0.00000000
0.00000000
0.00000000
0.00000000
0.00000000
0.00000000
0.00000000
0.00000000
0.00000000
0.00000000
0.00000000
0.00000000
0.00000000
0.00000000
0.00000000
0.00000000
0.00000000
0.00000000
0.00000000
0.00000000
0.00000000
0.00000000
0.00000000
0.00000000
0.00000000
0.00000000
0.00000000
0.00000000
0.00000000
0.00000000
0.00000000
0.00000000
0.00000000
0.00000000
0.00000000
0.00000000
0.00000000
0.00000000
0.00000000
0.00000000
0.00000000
0.00000000
0.00000000
0.00000000
0.00000000
0.00000000
0.00000000
0.00000000
0.00000000
0.00000000
0.00000000
0.00000000
0.00000000
0.00000000
0.00000000
0.00000000
0.00000000
0.00000000
0.00000000
0.00000000
0.00000000
0.00000000
0.00000000
0.00000000
0.00000000
0.00000000
0.00000000
0.00000000
0.00000000
0.11300691
0.01883448
0.00000000
0.00000000
0.00000000
0.00000000
0.00000000
0.00000000
0.00000000
0.00000000
0.13602683
0.00000000
0.00000000
0.00000000
0.00000000
0.00000000
0.00000000
0.00000000
0.00000000
0.00000000
0.00000000
0.00000000
0.00000000
0.00000000
0.00000000
0.00000000
0.00000000
0.00000000
0.00000000
0.00000000
0.24275558
0.10045058
0.00000000
0.00000000
0.00000000
0.00000000
0.00000000
0.00000000
0.00000000
0.00000000
0.01255632
0.00000000
0.00000000
0.00000000
0.00000000
0.00000000
0.00000000
0.00000000
0.00000000
0.00000000
0.05754981
0.00000000
0.00000000
0.00000000
0.00000000
0.00000000
0.00000000
0.00000000
0.00000000
0.00000000
0.00000000
0.00000000
0.00000000
0.00000000
0.00000000
0.00000000
0.00000000
0.00000000
0.00000000
0.00000000
0.00000000
0.00000000
0.00000000
0.05545709
0.16323220
0.17578852
0.22392109
0.28147090
0.00000000
0.00000000
0.24275558
0.01464904
0.00000000
0.00000000
0.00000000
0.00000000
0.00000000
0.00000000
0.00000000
0.00000000
0.00000000
0.00000000
0.00000000
0.00000000
0.00000000
0.00000000
0.00000000
0.00000000
0.00000000
0.00000000
0.00000000
0.00000000
0.00000000
0.00000000
0.00000000
0.00000000
0.00000000
0.00000000
0.00000000
0.00000000
0.00000000
0.00000000
0.00000000
0.00000000
0.00000000
0.00000000
0.00000000
0.00000000
0.00000000
0.00000000
0.00000000
0.00000000
0.00000000
0.00000000
0.00000000
0.02301993
0.03034445
0.00000000
0.00000000
0.00000000
0.00000000
0.00000000
0.00000000
0.00000000
0.00000000
0.00000000
0.00000000
0.00000000
0.00000000
0.00000000
0.00000000
0.00000000
0.00000000
0.00000000
0.00000000
0.02092720
0.00000000
0.00000000
0.00000000
0.00000000
0.01464904
0.00000000
0.00000000
0.00000000
0.00000000
0.00000000
0.00000000
0.00000000
0.00000000
0.00000000
0.00000000
0.00000000
0.00000000
0.00000000
0.00000000
0.00000000
0.00000000
0.00000000
0.00000000
0.00000000
0.00000000
0.00000000
0.00000000
0.00000000
0.00000000
0.00000000
0.00000000
0.00000000
0.00000000
0.00000000
0.00000000
0.00000000
0.00000000
0.00000000
0.00000000
0.00000000
0.00000000
0.00000000
0.00000000
0.00000000
0.00000000
0.00000000
0.00000000
0.00000000
0.00000000
0.00000000
0.00000000
0.00000000
0.00000000
0.00000000
0.00000000
0.00000000
0.00000000
0.00000000
0.02301993
0.68013415
0.16113948
0.00000000
0.00000000
0.00000000
0.00000000
0.00000000
0.00000000
0.00000000
0.00000000
0.00000000
0.00000000
0.00000000
0.00000000
0.00000000
0.00000000
0.00000000
0.00000000
0.00000000
0.02929809
0.00000000
0.00000000
0.04708621
0.03452989
0.05545709
0.04813257
0.07743066
0.07010614
0.07219886
0.07847702
0.10882146
0.00000000
0.00000000
0.00000000
0.00000000
0.00000000
0.00000000
0.00000000
0.00000000
0.00000000
0.00000000
0.00000000
0.00000000
0.00000000
0.00000000
0.00000000
0.00000000
0.00000000
0.00000000
0.00000000
0.00000000
0.00000000
0.00000000
0.00000000
0.00000000
0.00000000
0.00000000
0.00000000
0.00000000
0.00000000
0.00000000
0.00000000
0.00000000
0.02301993
0.02301993
0.00000000
0.03348353
0.05231801
0.03348353
0.00000000
0.00000000
0.00000000
0.00000000
0.00000000
0.00000000
0.00000000
0.01883448
0.00000000
0.00000000
0.00000000
0.00000000
0.00000000
0.00000000
0.00000000
0.00000000
0.00000000
0.00000000
0.00000000
0.00000000
0.00000000
0.00000000
0.02301993
0.00000000
0.00000000
0.00000000
0.00000000
0.00000000
0.00000000
0.00000000
0.00000000
0.00000000
0.00000000
0.00000000
0.05650345
0.05231801
0.10045058
0.00000000
0.09626514
0.00000000
0.02301993
0.05231801
0.00000000
0.00000000
0.02929809
0.03766897
0.00000000
0.00000000
0.09207970
0.00000000
0.02301993
0.02301993
0.06278161
0.02301993
0.10254330
0.07743066
0.00000000
0.00000000
0.00000000
0.00000000
0.00000000
0.00000000
0.00000000
0.00000000
0.00000000
0.00000000
0.00000000
0.00000000
0.00000000
0.00000000
0.00000000
0.00000000
0.00000000
0.00000000
0.00000000
0.00000000
0.00000000
0.00000000
0.00000000
0.00000000
0.00000000
0.00000000
0.00000000
0.00000000
0.00000000
0.00000000
0.00000000
0.00000000
0.00000000
0.00000000
0.00000000
0.00000000
0.00000000
0.00000000
0.00000000
0.00000000
0.00000000
0.00000000
0.00000000
0.00000000
0.00000000
0.00000000
0.00000000
0.00000000
0.00000000
0.00000000
0.00000000
0.00000000
0.00000000
0.00000000
0.00000000
0.00000000
0.00000000
0.00000000
0.00000000
0.00000000
0.05127165
0.00000000
0.00000000
0.00000000
0.00000000
0.00000000
0.00000000
0.00000000
0.00000000
0.04185441
0.02720537
0.03976169
0.04185441
0.07847702
0.09312606
0.15486132
0.17055672
0.18625212
0.20717933
0.24903374
0.25217282
0.22601381
0.11509963
0.02929809
0.04394713
0.05022529
0.05859617
0.07952338
0.00000000
0.18625212
0.27623910
0.17578852
0.15276859
0.18834484
0.15695404
0.14439771
0.16323220
0.25112646
0.15904676
0.07115250
0.08161610
0.00000000
0.00000000
0.00000000
0.00000000
0.00000000
0.00000000
0.00000000
0.00000000
0.00000000
0.00000000
0.00000000
0.00000000
0.00000000
0.00000000
0.00000000
0.00000000
0.00000000
0.00000000
0.00000000
0.00000000
0.00000000
0.00000000
0.00000000
0.00000000
0.00000000
0.00000000
0.00000000
0.00000000
0.00000000
0.00000000
0.00000000
0.00000000
0.00000000
0.00000000
0.00000000
0.00000000
0.00000000
0.00000000
0.00000000
0.00000000
0.00000000
0.00000000
0.00000000
0.00000000
0.00000000
0.00000000
0.00000000
0.00000000
0.00000000
0.00000000
0.00000000
0.00000000
0.00000000
0.00000000
0.00000000
0.00000000
0.00000000
0.00000000
0.00000000
0.00000000
0.00000000
0.00000000
0.00000000
0.00000000
0.00000000
0.00000000
0.00000000
0.00000000
0.00000000
0.00000000
0.00000000
0.00000000
0.00000000
0.00000000
0.00000000
0.00000000
0.00000000
0.00000000
0.00000000
0.00000000
0.00000000
0.03766897
0.00000000
0.00000000
0.00000000
0.00000000
0.00000000
0.00000000
0.00000000
0.00000000
0.00000000
0.00000000
0.00000000
0.00000000
0.00000000
0.00000000
0.00000000
0.00000000
0.00000000
0.00000000
0.00000000
0.00000000
0.00000000
0.00000000
0.00000000
0.00000000
0.00000000
0.00000000
0.00000000
0.00000000
0.00000000
0.00000000
0.00000000
0.00000000
0.00000000
0.00000000
0.00000000
0.00000000
0.00000000
0.00000000
0.00000000
0.26054370
0.04394713
0.02929809
0.59747170
1.03171119
1.09240009
1.17506255
1.25981773
1.54965951
1.98389901
1.83008406
2.47045652
2.47568832
2.70693393
3.37346541
3.59529378
4.02953327
4.21892448
4.47946818
4.56945516
3.91757273
1.58732848
0.00000000
1.55489131
1.49838786
0.48865023
0.00000000
0.00000000
0.00000000
0.00000000
0.00000000
0.00000000
0.00000000
0.00000000
0.00000000
0.00000000
0.00000000
0.00000000
0.00000000
0.00000000
0.00000000
0.00000000
0.00000000
0.00000000
0.00000000
0.00000000
0.00000000
0.00000000
0.00000000
0.00000000
0.00000000
0.00000000
0.00000000
0.00000000
0.00000000
0.00000000
0.00000000
0.00000000
0.00000000
0.00000000
0.00000000
0.00000000
0.00000000
0.00000000
0.00000000
0.00000000
0.00000000
0.00000000
0.00000000
0.00000000
0.00000000
0.00000000
0.00000000
0.00000000
0.00000000
0.00000000
0.00000000
0.00000000
0.00000000
0.00000000
0.00000000
0.00000000
0.00000000
0.00000000
0.00000000
0.00000000
0.00000000
0.00000000
0.00000000
0.00000000
0.00000000
0.00000000
0.00000000
0.00000000
0.00000000
0.00000000
0.00000000
0.00000000
0.00000000
0.00000000
0.00000000
0.00000000
0.00000000
0.00000000
0.00000000
0.00000000
0.00000000
0.00000000
0.00000000
0.00000000
0.04813257
0.03976169
0.03348353
0.00000000
0.00000000
0.05859617
0.06696706
0.07743066
0.16951036
0.28356362
0.27205366
0.55771001
0.16323220
0.28251726
0.19253028
0.39970961
0.74710121
0.27519274
0.22182837
0.58491537
0.48341843
0.54201460
0.35471612
0.34634524
0.39970961
0.44156402
0.42482226
0.14230499
0.00000000
0.00000000
0.51899468
0.70001500
0.32646439
0.25635826
0.66234603
0.99508859
1.14053266
0.84231999
0.02301993
0.02929809
1.89181931
1.79869325
1.73905071
1.67940818
1.86252122
2.32291973
2.36895958
1.69301086
1.10600277
0.55561729
0.14858315
0.12347051
0.13602683
0.17474216
0.19253028
0.25321918
0.09940422
0.00000000
0.00000000
0.00000000
0.00000000
0.00000000
0.00000000
0.00000000
0.00000000
0.00000000
0.00000000
0.00000000
0.00000000
0.00000000
0.00000000
0.00000000
0.00000000
0.00000000
0.00000000
0.00000000
0.00000000
0.00000000
0.00000000
0.00000000
0.00000000
0.14962951
0.08266246
0.13707319
0.17788124
0.15067587
0.18415940
0.19148392
0.21973565
0.22392109
0.29821267
0.35366976
0.37982877
0.42796134
0.50643835
0.47400119
0.67594871
0.70315408
0.42377590
0.17578852
0.05336437
0.00000000
0.00000000
0.00000000
0.00000000
0.00000000
0.00000000
0.02511265
0.00000000
0.00000000
0.00000000
0.00000000
0.00000000
0.00000000
0.00000000
0.11614599
0.08475518
0.10672874
0.24484830
0.37250424
2.12725036
3.41531982
3.33475008
3.70411524
4.51085898
4.98381381
6.31269131
5.58233187
6.59206950
6.88086492
7.75039028
9.31365247
8.20764970
8.10196732
7.75666844
5.53210658
3.20395505
1.55070587
0.39133873
0.44784218
0.54410732
0.52945828
0.58072993
0.57863721
0.63200158
0.73768397
0.75651845
0.83081003
0.95218782
1.03066483
1.11018821
0.08056974
0.02929809
0.00000000
0.00000000
0.00000000
0.00000000
0.00000000
0.00000000
0.10254330
1.83008406
4.02220875
4.77872720
5.27574832
4.20113635
0.00000000
0.00000000
0.00000000
0.00000000
0.04185441
0.09103334
0.08998698
0.00000000
0.12765595
0.16951036
0.00000000
0.27310002
0.19671572
0.10672874
0.07219886
0.07533794
0.00000000
0.00000000
0.00000000
0.00000000
0.00000000
0.00000000
0.00000000
0.00000000
0.00000000
0.00000000
0.00000000
0.00000000
0.00000000
0.00000000
0.00000000
0.00000000
0.00000000
0.00000000
0.00000000
0.00000000
0.00000000
0.00000000
0.00000000
0.00000000
0.00000000
0.00000000
0.00000000
0.00000000
0.00000000
0.00000000
0.00000000
0.00000000
0.00000000
0.00000000
0.00000000
0.00000000
0.00000000
0.00000000
0.00000000
0.00000000
0.00000000
0.00000000
0.00000000
0.00000000
0.00000000
0.00000000
0.00000000
0.00000000
0.00000000
0.00000000
0.00000000
0.00000000
0.00000000
0.00000000
0.00000000
0.00000000
0.00000000
0.00000000
0.00000000
0.00000000
0.00000000
0.00000000
0.00000000
0.00000000
0.00000000
0.00000000
0.00000000
0.00000000
0.00000000
0.00000000
0.00000000
0.00000000
0.00000000
0.00000000
0.00000000
0.00000000
0.00000000
0.00000000
0.00000000
0.00000000
0.00000000
0.00000000
0.00000000
0.00000000
0.01883448
0.00000000
0.03662261
0.07429158
0.13393411
0.33064984
0.00000000
0.00000000
0.00000000
0.00000000
0.00000000
0.00000000
0.05231801
0.07219886
0.08789426
0.10882146
0.11928507
0.14649043
0.14858315
0.20090117
0.21659657
0.19671572
0.08580154
0.00000000
0.00000000
0.00000000
0.00000000
0.02301993
0.00000000
0.00000000
0.00000000
0.00000000
0.00000000
0.00000000
0.00000000
0.00000000
0.00000000
0.00000000
0.00000000
0.00000000
0.00000000
0.00000000
0.00000000
0.00000000
0.00000000
0.00000000
0.00000000
0.00000000
0.00000000
0.08789426
0.10254330
0.23647741
0.12974867
0.06905978
0.00000000
0.00000000
0.00000000
0.00000000
0.00000000
0.00000000
0.00000000
0.00000000
0.00000000
0.03348353
0.01778812
0.17160308
0.35890156
0.22182837
0.18625212
0.30344447
0.27414638
0.36413336
0.26472914
0.00000000
0.01674176
0.00000000
0.00000000
0.00000000
0.00000000
0.00000000
0.00000000
0.00000000
0.00000000
0.00000000
0.00000000
0.00000000
0.04185441
0.00000000
0.12137779
0.00000000
0.00000000
0.02929809
0.04185441
0.06278161
0.05441073
0.06696706
0.07533794
0.12765595
0.17683488
0.16951036
0.27310002
0.26682186
0.57654449
1.00555219
0.58700809
0.80360466
0.82453187
1.84368674
1.61348749
1.23051964
1.41886448
1.04112844
0.55980273
0.38192149
0.08475518
0.26263642
0.00000000
0.13184139
0.13707319
0.09207970
0.09417242
0.07429158
0.18939120
0.29298087
0.00000000
0.10254330
0.01464904
0.00000000
0.00000000
0.00000000
0.00000000
0.00000000
0.00000000
0.00000000
0.00000000
0.00000000
0.00000000
0.00000000
0.00000000
0.00000000
0.00000000
0.00000000
0.00000000
0.00000000
0.00000000
0.00000000
0.00000000
0.00000000
0.00000000
0.00000000
0.00000000
0.00000000
0.00000000
0.00000000
0.00000000
0.00000000
0.00000000
0.00000000
0.00000000
0.00000000
0.00000000
0.00000000
0.00000000
0.00000000
0.00000000
0.00000000
0.00000000
0.00000000
0.00000000
0.00000000
0.00000000
0.00000000
0.00000000
0.00000000
0.00000000
0.00000000
0.00000000
0.00000000
0.00000000
0.00000000
0.00000000
0.00000000
0.00000000
0.00000000
0.00000000
0.00000000
0.00000000
0.00000000
0.00000000
0.00000000
0.00000000
0.00000000
0.00000000
0.00000000
0.00000000
0.00000000
0.00000000
0.00000000
0.00000000
0.00000000
0.00000000
0.00000000
0.00000000
0.00000000
0.00000000
0.00000000
0.00000000
0.00000000
0.00000000
0.00000000
0.00000000
0.00000000
0.00000000
0.00000000
0.00000000
0.00000000
0.00000000
0.00000000
0.00000000
0.00000000
0.00000000
0.00000000
0.00000000
0.00000000
0.00000000
0.00000000
0.00000000
0.00000000
0.00000000
0.00000000
0.00000000
0.00000000
0.00000000
0.00000000
0.00000000
0.00000000
0.00000000
0.00000000
0.00000000
0.00000000
0.00000000
0.00000000
0.00000000
0.00000000
0.00000000
0.00000000
0.00000000
0.00000000
0.00000000
0.00000000
0.02197356
0.00000000
0.00000000
0.00000000
0.00000000
0.00000000
0.00000000
0.00000000
0.00000000
0.00000000
0.00000000
0.00000000
0.00000000
0.00000000
0.00000000
0.00000000
0.00000000
0.00000000
0.00000000
0.00000000
0.00000000
0.00000000
0.00000000
0.00000000
0.00000000
0.00000000
0.00000000
0.00000000
0.00000000
0.00000000
0.00000000
0.00000000
0.00000000
0.00000000
0.00000000
0.00000000
0.00000000
0.00000000
0.00000000
0.00000000
0.00000000
0.00000000
0.00000000
0.00000000
0.00000000
0.00000000
0.00000000
0.00000000
0.00000000
0.00000000
0.00000000
0.00000000
0.00000000
0.00000000
0.00000000
0.00000000
0.00000000
0.00000000
0.00000000
0.00000000
0.00000000
0.00000000
0.00000000
0.00000000
0.00000000
0.00000000
0.00000000
0.00000000
0.00000000
0.00000000
0.00000000
0.00000000
0.00000000
0.00000000
0.00000000
0.00000000
0.00000000
0.00000000
0.00000000
0.00000000
0.00000000
0.00000000
0.00000000
0.00000000
0.00000000
0.00000000
0.00000000
0.00000000
0.00000000
0.00000000
0.00000000
0.00000000
0.00000000
0.00000000
0.00000000
0.00000000
0.00000000
0.00000000
0.00000000
0.00000000
0.00000000
0.00000000
0.00000000
0.00000000
0.00000000
0.00000000
0.00000000
0.00000000
0.00000000
0.00000000
0.00000000
0.00000000
0.00000000
0.00000000
0.00000000
0.00000000
0.00000000
0.00000000
0.00000000
0.00000000
0.00000000
0.00000000
0.00000000
0.00000000
0.00000000
0.00000000
0.00000000
0.00000000
0.00000000
0.00000000
0.00000000
0.00000000
0.00000000
0.00000000
0.00000000
0.00000000
0.00000000
0.00000000
0.00000000
0.00000000
0.00000000
0.00000000
0.00000000
0.00000000
0.00000000
0.00000000
0.00000000
0.00000000
0.00000000
0.00000000
0.00000000
0.00000000
0.00000000
0.00000000
0.00000000
0.00000000
0.00000000
0.00000000
0.00000000
0.00000000
0.00000000
0.00000000
0.00000000
0.00000000
0.00000000
0.00000000
0.00000000
0.00000000
0.02301993
0.00000000
0.00000000
0.00000000
0.00000000
0.00000000
0.00000000
0.06696706
0.03766897
0.00000000
0.00000000
0.00000000
0.00000000
0.00000000
0.00000000
0.00000000
0.00000000
0.00000000
0.00000000
0.00000000
0.00000000
0.00000000
0.00000000
0.00000000
0.00000000
0.00000000
0.00000000
0.00000000
0.00000000
0.00000000
0.00000000
0.00000000
0.13602683
0.04185441
0.05231801
0.06487433
0.02720537
0.14125863
0.07533794
0.01464904
0.00000000
0.00000000
0.00000000
0.00000000
0.00000000
0.00000000
0.00000000
0.00000000
0.00000000
0.00000000
0.00000000
0.00000000
0.00000000
0.00000000
0.00000000
0.00000000
0.00000000
0.00000000
0.00000000
0.00000000
0.00000000
0.00000000
0.01464904
0.00000000
0.00000000
0.00000000
0.00000000
0.00000000
0.00000000
0.00000000
0.00000000
0.00000000
0.01988084
0.01464904
0.00000000
0.00000000
0.00000000
0.00000000
0.00000000
0.07952338
0.00000000
0.00000000
0.00000000
0.00000000
0.00000000
0.00000000
0.03557625
0.04394713
0.00000000
0.13811955
0.13811955
0.01778812
0.10463602
0.00000000
0.05754981
0.08056974
0.14230499
0.04603985
0.07638430
0.18415940
0.08475518
0.07847702
0.34006708
0.23752377
0.19880845
0.09312606
0.07533794
0.17997396
0.05441073
0.06801342
0.02301993
0.21764293
0.28670271
0.10672874
0.10254330
0.10882146
0.00000000
0.00000000
0.00000000
0.00000000
0.00000000
0.00000000
0.00000000
0.00000000
0.00000000
0.00000000
0.00000000
0.00000000
0.00000000
0.00000000
0.00000000
0.00000000
0.00000000
0.00000000
0.00000000
0.00000000
0.00000000
0.00000000
0.00000000
0.00000000
0.00000000
0.00000000
0.00000000
0.00000000
0.00000000
0.00000000
0.00000000
0.00000000
0.00000000
0.00000000
0.00000000
0.00000000
0.03452989
0.00000000
0.00000000
0.00000000
0.00000000
0.00000000
0.00000000
0.00000000
0.00000000
0.00000000
0.00000000
0.00000000
0.00000000
0.00000000
0.00000000
0.06487433
0.00000000
0.00000000
0.00000000
0.00000000
0.00000000
0.00000000
0.02301993
0.00000000
0.00000000
0.00000000
0.00000000
0.00000000
0.00000000
0.00000000
0.00000000
0.00000000
0.00000000
0.00000000
0.00000000
0.00000000
0.00000000
0.00000000
0.00000000
0.00000000
0.00000000
0.00000000
0.00000000
0.00000000
0.00000000
0.01464904
0.00000000
0.00000000
0.00000000
0.00000000
0.00000000
0.00000000
0.00000000
0.00000000
0.00000000
0.00000000
0.00000000
0.00000000
0.00000000
0.00000000
0.00000000
0.00000000
0.00000000
0.00000000
0.00000000
0.00000000
0.00000000
0.00000000
0.00000000
0.00000000
0.00000000
0.00000000
0.00000000
0.00000000
0.00000000
0.00000000
0.00000000
0.00000000
0.00000000
0.00000000
0.00000000
0.00000000
0.00000000
0.00000000
0.00000000
0.00000000
0.00000000
0.06905978
0.00000000
0.02092720
0.00000000
0.00000000
0.00000000
0.00000000
0.00000000
0.00000000
0.02720537
0.00000000
0.00000000
0.00000000
0.00000000
0.00000000
0.00000000
0.00000000
0.00000000
0.00000000
0.00000000
0.00000000
0.00000000
0.00000000
0.00000000
0.00000000
0.09417242
0.51585560
1.55070587
2.60229791
0.50225291
2.72158298
6.25828058
3.95838078
2.92562322
0.07847702
0.00000000
0.00000000
0.00000000
0.00000000
0.01464904
0.00000000
0.00000000
0.00000000
0.00000000
0.00000000
0.00000000
0.00000000
0.00000000
0.00000000
0.00000000
0.00000000
0.00000000
0.00000000
0.00000000
0.00000000
0.00000000
0.00000000
0.00000000
0.00000000
0.00000000
0.00000000
0.00000000
0.00000000
0.00000000
0.00000000
0.00000000
0.00000000
0.00000000
0.00000000
0.00000000
0.00000000
0.00000000
0.00000000
0.00000000
0.00000000
0.00000000
0.00000000
0.00000000
0.00000000
0.00000000
0.00000000
0.00000000
0.00000000
0.00000000
0.00000000
0.00000000
0.00000000
0.00000000
0.00000000
0.00000000
0.00000000
0.00000000
0.00000000
0.00000000
0.00000000
0.00000000
0.03034445
0.00000000
0.00000000
0.00000000
0.00000000
0.00000000
0.00000000
0.00000000
0.00000000
0.00000000
0.00000000
0.00000000
0.00000000
0.00000000
0.00000000
0.00000000
0.00000000
0.00000000
0.00000000
0.00000000
0.00000000
0.00000000
0.00000000
0.00000000
0.00000000
0.00000000
0.00000000
0.00000000
0.00000000
0.00000000
0.00000000
0.00000000
0.00000000
0.00000000
0.00000000
0.00000000
0.00000000
0.00000000
0.00000000
0.00000000
0.00000000
0.00000000
0.00000000
0.00000000
0.00000000
0.00000000
0.00000000
0.00000000
0.00000000
0.00000000
0.00000000
0.00000000
0.00000000
0.00000000
0.00000000
0.00000000
0.00000000
0.00000000
0.00000000
0.00000000
0.00000000
0.00000000
0.00000000
0.00000000
0.00000000
0.00000000
0.00000000
0.00000000
0.00000000
0.00000000
0.20404025
0.21450385
0.00000000
0.00000000
0.00000000
0.00000000
0.00000000
0.00000000
0.00000000
0.00000000
0.00000000
0.00000000
0.00000000
0.00000000
0.00000000
0.00000000
0.00000000
0.00000000
0.00000000
0.00000000
0.00000000
0.00000000
0.00000000
0.00000000
0.00000000
0.00000000
0.00000000
0.00000000
0.00000000
0.00000000
0.00000000
0.00000000
0.00000000
0.00000000
0.00000000
0.00000000
0.00000000
0.00000000
0.00000000
0.00000000
0.00000000
0.00000000
0.00000000
0.00000000
0.00000000
0.00000000
0.00000000
0.00000000
0.00000000
0.00000000
0.00000000
0.00000000
0.00000000
0.00000000
0.00000000
0.00000000
0.00000000
0.00000000
0.00000000
0.00000000
0.00000000
0.00000000
0.00000000
0.00000000
0.00000000
0.00000000
0.00000000
0.00000000
0.00000000
0.00000000
0.00000000
0.00000000
0.00000000
0.00000000
0.00000000
0.00000000
0.00000000
0.00000000
0.00000000
0.00000000
0.00000000
0.00000000
0.00000000
0.00000000
0.00000000
0.00000000
0.00000000
0.00000000
0.00000000
0.00000000
0.00000000
0.00000000
0.00000000
0.00000000
0.00000000
0.00000000
0.00000000
0.00000000
0.00000000
0.00000000
0.00000000
0.00000000
0.00000000
0.00000000
0.00000000
0.00000000
0.00000000
0.00000000
0.00000000
0.00000000
0.00000000
0.00000000
0.00000000
0.00000000
0.00000000
0.00000000
0.00000000
0.00000000
0.00000000
0.00000000
0.00000000
0.00000000
0.00000000
0.00000000
0.00000000
0.00000000
0.00000000
0.00000000
0.00000000
0.00000000
0.00000000
0.00000000
0.00000000
0.00000000
0.00000000
0.00000000
0.00000000
0.00000000
0.00000000
0.00000000
0.00000000
0.00000000
0.00000000
0.00000000
0.00000000
0.00000000
0.00000000
0.00000000
0.00000000
0.00000000
0.00000000
0.00000000
0.00000000
0.00000000
0.00000000
0.00000000
0.00000000
0.00000000
0.00000000
0.00000000
0.00000000
0.00000000
0.00000000
0.00000000
0.00000000
0.00000000
0.00000000
0.00000000
0.00000000
0.00000000
0.00000000
0.00000000
0.00000000
0.00000000
0.00000000
0.00000000
0.00000000
0.00000000
0.00000000
0.00000000
0.00000000
0.00000000
0.00000000
0.00000000
0.00000000
0.00000000
0.00000000
0.00000000
0.00000000
0.00000000
0.00000000
0.00000000
0.00000000
0.00000000
0.00000000
0.00000000
0.00000000
0.00000000
0.00000000
0.04394713
0.00000000
0.04394713
0.00000000
0.00000000
0.02301993
0.00000000
0.00000000
0.00000000
0.10672874
0.00000000
0.00000000
0.00000000
0.00000000
0.00000000
0.00000000
0.00000000
0.00000000
0.00000000
0.00000000
0.00000000
0.00000000
0.00000000
0.00000000
0.00000000
0.00000000
0.00000000
0.18415940
0.00000000
2.15550209
9.49153371
2.96538491
16.92592320
2.87644429
10.94283536
4.40622296
0.71989584
0.85278359
1.05368476
0.38192149
0.01778812
0.75233301
3.45089606
0.14021227
0.28251726
0.00000000
0.00000000
0.00000000
0.00000000
0.00000000
0.00000000
0.05650345
0.00000000
0.00000000
0.00000000
0.00000000
0.00000000
0.00000000
0.00000000
0.00000000
0.00000000
0.00000000
0.00000000
0.00000000
0.00000000
0.00000000
0.00000000
0.00000000
0.00000000
0.00000000
0.00000000
0.00000000
0.00000000
0.00000000
0.00000000
0.00000000
0.00000000
0.00000000
0.00000000
0.00000000
0.00000000
0.00000000
0.00000000
0.00000000
0.00000000
0.00000000
0.00000000
0.00000000
0.00000000
0.00000000
0.00000000
0.00000000
0.00000000
0.00000000
0.00000000
0.00000000
0.00000000
0.00000000
0.00000000
0.00000000
0.00000000
0.00000000
0.00000000
0.00000000
0.00000000
0.00000000
0.00000000
0.00000000
0.00000000
0.00000000
0.00000000
0.00000000
0.00000000
0.00000000
0.00000000
0.00000000
0.00000000
0.00000000
0.00000000
0.00000000
0.00000000
0.00000000
0.00000000
0.00000000
0.00000000
0.00000000
0.00000000
0.00000000
0.00000000
0.00000000
0.00000000
0.00000000
0.00000000
0.00000000
0.00000000
0.00000000
0.00000000
0.00000000
0.00000000
0.00000000
0.00000000
0.00000000
0.00000000
0.00000000
0.00000000
0.00000000
0.00000000
0.00000000
0.00000000
0.00000000
0.00000000
0.01464904
0.84755179
0.96160506
2.46836380
2.23607183
1.58732848
4.65734942
0.16637128
0.00000000
0.00000000
0.03243717
0.12974867
0.19462300
0.44888854
2.00377985
0.53364372
2.75611287
1.68463998
3.34102824
1.66057370
2.86493433
5.26842380
1.79973961
4.83732338
3.16210064
2.53219177
4.96079389
2.99363664
4.25973253
2.77180827
2.54056266
5.41909967
3.10036538
3.80561218
2.60125155
2.69542397
2.45790020
0.89045256
2.01633618
0.39552417
0.82034643
1.73486527
0.46249122
0.97939318
