0.00000000
0.00000000
0.00000000
0.00000000
0.00000000
0.00000000
0.00000000
0.00000000
0.00000000
0.00000000
0.07743066
0.00000000
0.06382797
0.16846400
0.31913987
0.91137977
0.00000000
1.25458592
0.50225291
0.22915289
0.00000000
0.17055672
0.34948432
0.33483528
0.54201460
0.96265142
1.32050662
0.00000000
0.50853108
0.83499547
0.00000000
0.00000000
0.00000000
0.27833182
0.00000000
0.00000000
0.00000000
0.00000000
0.00000000
0.00000000
0.08998698
0.14021227
0.05650345
0.10254330
0.03139081
0.01674176
0.00000000
0.00000000
0.00000000
0.00000000
0.00000000
0.00000000
0.00000000
0.00000000
0.00000000
0.00000000
0.00000000
0.00000000
0.00000000
0.00000000
0.00000000
0.00000000
0.00000000
0.00000000
0.00000000
0.00000000
0.00000000
0.00000000
0.00000000
0.00000000
0.00000000
0.00000000
0.00000000
0.77012113
0.00000000
0.00000000
0.00000000
0.00000000
0.03766897
0.00000000
0.00000000
0.00000000
0.00000000
0.00000000
0.00000000
0.00000000
0.00000000
0.45621306
0.68118051
1.26923497
0.00000000
0.00000000
0.00000000
0.00000000
0.00000000
0.00000000
0.00000000
0.00000000
0.00000000
0.00000000
0.00000000
0.00000000
0.00000000
0.00000000
0.00000000
0.00000000
0.00000000
0.00000000
0.00000000
0.00000000
0.00000000
0.00000000
0.00000000
0.00000000
0.00000000
0.00000000
0.00000000
0.00000000
0.00000000
0.00000000
0.00000000
0.00000000
0.00000000
0.00000000
0.00000000
0.00000000
0.00000000
0.00000000
0.00000000
0.00000000
0.00000000
0.00000000
0.00000000
0.00000000
0.00000000
0.00000000
0.00000000
0.00000000
0.00000000
0.00000000
0.00000000
0.00000000
0.00000000
0.00000000
0.00000000
0.00000000
0.00000000
0.00000000
0.00000000
0.00000000
0.00000000
2.57299982
0.97834682
0.35680884
0.01778812
0.00000000
0.00000000
0.00000000
0.00000000
0.00000000
0.00000000
0.00000000
0.00000000
0.00000000
0.00000000
0.00000000
0.00000000
0.00000000
0.00000000
0.00000000
0.00000000
0.00000000
0.00000000
0.00000000
0.00000000
0.00000000
0.00000000
1.07147288
0.00000000
0.48551115
0.00000000
0.00000000
0.00000000
0.00000000
0.00000000
0.61839890
0.00000000
0.00000000
0.00000000
0.00000000
0.00000000
0.00000000
0.00000000
0.00000000
0.00000000
0.00000000
0.00000000
0.00000000
0.00000000
0.00000000
0.00000000
0.00000000
0.06278161
0.00000000
0.24589466
0.00000000
0.00000000
0.00000000
0.00000000
0.00000000
0.00000000
0.00000000
0.00000000
0.00000000
0.00000000
0.00000000
0.00000000
0.00000000
0.00000000
0.00000000
0.00000000
0.00000000
0.00000000
0.00000000
0.00000000
0.00000000
0.00000000
0.00000000
0.00000000
0.00000000
0.00000000
0.00000000
0.00000000
0.00000000
0.00000000
0.02301993
0.00000000
0.11300691
0.00000000
0.03766897
0.43214678
0.40284869
0.00000000
0.00000000
0.00000000
0.00000000
0.00000000
0.00000000
0.00000000
0.00000000
0.00000000
0.00000000
0.00000000
0.00000000
0.00000000
0.00000000
0.00000000
0.00000000
0.00000000
0.00000000
0.00000000
0.00000000
0.19566936
0.00000000
0.00000000
0.00000000
0.00000000
0.00000000
0.00000000
0.00000000
0.00000000
0.00000000
0.00000000
0.00000000
0.00000000
0.00000000
0.11928507
0.00000000
0.00000000
0.00000000
0.00000000
0.00000000
0.00000000
0.00000000
0.00000000
0.00000000
0.00000000
0.00000000
0.00000000
0.00000000
0.00000000
0.00000000
0.00000000
0.00000000
0.00000000
0.00000000
0.05231801
0.00000000
0.00000000
0.00000000
0.00000000
0.00000000
0.00000000
0.00000000
0.00000000
0.00000000
0.00000000
0.00000000
0.00000000
0.00000000
0.00000000
0.00000000
0.00000000
0.00000000
0.00000000
0.00000000
0.00000000
0.00000000
0.00000000
0.00000000
0.04603985
0.14544407
0.00000000
0.00000000
0.00000000
1.12065181
0.00000000
0.00000000
0.05022529
0.24170921
0.00000000
0.00000000
0.02301993
0.17997396
0.00000000
0.00000000
0.00000000
0.00000000
0.00000000
0.00000000
0.00000000
0.00000000
0.14335135
0.25949734
0.00000000
0.00000000
0.00000000
0.00000000
0.00000000
0.17055672
0.00000000
0.00000000
0.00000000
0.07743066
0.00000000
0.00000000
0.00000000
0.00000000
0.00000000
0.00000000
0.00000000
0.00000000
0.00000000
0.00000000
0.00000000
0.00000000
0.00000000
0.00000000
0.00000000
0.00000000
0.01883448
0.30553719
0.00000000
0.10045058
0.22706017
0.00000000
0.00000000
0.00000000
0.00000000
0.00000000
0.35994792
0.00000000
0.00000000
0.00000000
0.00000000
0.00000000
0.00000000
0.00000000
0.00000000
0.52422648
0.31390807
0.03557625
0.00000000
1.52036143
0.41435865
0.14858315
0.14335135
0.00000000
0.00000000
0.11300691
0.00000000
0.01778812
0.00000000
0.02301993
0.08998698
0.04080805
0.05231801
0.00000000
0.00000000
0.00000000
0.00000000
0.00000000
0.00000000
0.00000000
0.00000000
0.02929809
0.00000000
0.00000000
0.00000000
0.00000000
0.00000000
0.00000000
0.00000000
0.00000000
0.00000000
0.09417242
0.00000000
0.00000000
0.00000000
0.01046360
0.00000000
0.00000000
0.00000000
0.00000000
0.00000000
0.00000000
0.00000000
0.00000000
0.00000000
0.00000000
0.00000000
0.00000000
0.00000000
0.00000000
0.05859617
0.16846400
0.00000000
0.15276859
1.25772501
0.34739160
1.59883844
0.03139081
1.92739556
0.00000000
0.70210772
0.14230499
0.88940620
0.00000000
0.00000000
0.51062380
0.00000000
0.73559125
0.10254330
0.00000000
0.00000000
0.00000000
0.00000000
0.00000000
0.00000000
0.00000000
0.00000000
0.00000000
0.00000000
0.00000000
0.00000000
0.00000000
0.00000000
0.00000000
0.00000000
0.00000000
0.00000000
0.00000000
0.00000000
0.00000000
0.00000000
0.00000000
0.00000000
0.00000000
0.00000000
0.00000000
0.00000000
0.00000000
0.00000000
0.41226593
0.00000000
0.00000000
0.00000000
0.00000000
0.07533794
0.00000000
0.00000000
0.59119353
0.00000000
1.77148788
0.44365674
1.19703611
0.00000000
1.27446677
0.00000000
0.00000000
0.00000000
0.00000000
0.00000000
0.00000000
0.09103334
0.00000000
0.00000000
0.00000000
0.00000000
0.00000000
0.00000000
0.00000000
0.00000000
0.00000000
0.00000000
0.00000000
0.00000000
0.00000000
0.00000000
0.00000000
0.00000000
0.00000000
0.00000000
0.00000000
0.30972263
0.00000000
0.00000000
0.00000000
0.00000000
0.00000000
0.00000000
0.00000000
0.00000000
0.00000000
0.00000000
0.00000000
0.00000000
0.00000000
0.52318012
0.00000000
0.00000000
0.00000000
0.00000000
0.00000000
0.04603985
0.00000000
0.00000000
0.00000000
0.00000000
0.00000000
0.00000000
0.15486132
0.23438469
0.00000000
0.05231801
0.00000000
0.90091616
0.08475518
0.00000000
0.00000000
0.02511265
0.01569540
0.59223989
0.00000000
0.00000000
0.00000000
0.00000000
0.00000000
0.00000000
0.00000000
0.00000000
0.00000000
0.00000000
0.02929809
0.00000000
0.16113948
0.00000000
0.00000000
0.00000000
0.00000000
0.00000000
0.00000000
0.08370882
0.00000000
0.06173525
0.00000000
0.00000000
0.00000000
0.00000000
0.00000000
0.00000000
0.00000000
1.23575144
0.07115250
0.00000000
0.00000000
0.08056974
0.19043756
0.15904676
0.57235905
0.00000000
0.01778812
0.04290077
0.04708621
0.09103334
0.05441073
0.00000000
0.00000000
0.00000000
0.00000000
0.00000000
0.00000000
0.00000000
0.18206668
0.25426554
0.47609391
0.85592267
1.53291775
0.09731150
0.19148392
0.00000000
0.00000000
0.00000000
0.31181535
0.01778812
0.70315408
1.03694300
2.17747565
0.57026633
0.76907477
0.21136477
0.38087513
0.24275558
0.11196055
0.80988282
0.15800040
0.07324522
0.00000000
0.00000000
0.00000000
0.00000000
0.00000000
0.00000000
0.00000000
0.06905978
0.23019925
0.00000000
0.58491537
0.06801342
0.15381495
0.00000000
0.00000000
0.48341843
0.89359164
1.79973961
0.38192149
0.00000000
0.36099428
0.92812153
0.89777708
1.16355258
0.65711423
1.27969857
0.21136477
0.36622608
0.82767095
0.00000000
1.17506255
0.06592069
0.21764293
0.00000000
0.34320616
0.89777708
0.00000000
0.00000000
0.00000000
0.00000000
0.00000000
0.00000000
0.00000000
0.00000000
96.21805564
123.21833521
102.99533090
104.47383792
71.03216472
79.30678148
53.31205410
90.38250460
81.68725102
91.79613728
89.70237044
103.41073591
78.90079371
77.68701583
78.82440941
93.01514695
81.25928969
90.68594907
40.14256415
75.63510341
28.04977889
92.85505384
48.99163268
120.94145533
47.38860880
63.04320431
24.63969087
24.39902802
94.28542828
23.77435096
92.56102661
38.83461386
91.94472043
150.38289334
91.92693231
78.51991858
99.07880453
78.37970631
88.22804887
105.77341733
137.96155096
167.57459204
183.21977031
193.71790257
150.36091977
118.99941073
111.47398790
116.58650403
125.30791660
159.85036077
185.15762947
208.65783405
217.31960409
238.69779010
190.00437009
225.03964992
130.94047376
39.86527869
35.56683083
70.99868120
70.05800334
101.86212276
50.08403277
96.40430776
106.78943312
97.51240326
83.55918949
81.96872193
52.91862265
84.95608041
48.23197515
70.37923594
114.88198320
163.32741584
178.26630095
167.77967865
113.68494709
84.41615852
88.68530829
56.92722872
74.55525964
62.19879160
69.39775003
43.60183110
30.37897678
9.57733525
10.74925872
14.31630077
21.34051704
22.10749910
28.75921113
10.09737629
18.42012562
16.53249175
33.53689197
34.11552918
50.36968911
54.31132813
30.22725454
12.35228260
63.41047675
11.70040018
18.62625859
35.25920092
28.93186057
55.53452325
54.85857453
91.19866558
103.26529184
176.94160889
98.31077612
174.46278148
215.92375953
216.93454352
162.82620928
113.53427121
64.93606998
90.10835821
147.64142951
149.75193811
151.04419301
153.37129818
114.05326589
140.54606074
133.07504865
140.17564922
124.93436600
122.15000141
93.60215505
106.51947218
107.29691784
128.06926127
81.36811115
108.52953020
109.77051344
95.81311423
99.01602292
75.85902450
86.73489281
71.76252417
87.42025876
52.95419890
87.21098672
44.52262811
90.31239846
116.89727302
89.76515206
86.04324869
49.56399173
71.93098817
54.34481166
66.97647244
62.57024948
89.61552254
87.73207412
108.74298768
38.43385788
26.79937840
24.07047090
24.00559657
23.14548845
30.00647253
26.98667689
35.38057871
38.87646826
37.59886241
36.28044852
34.10088014
36.29405120
32.58784324
44.27150165
44.56343616
49.94591322
60.35510486
82.45527944
62.84439587
70.68477313
62.23332149
67.41071194
56.07025969
59.52010939
39.99816644
51.13353209
43.51916864
54.86171361
29.63187557
35.61600976
24.72549241
33.05556626
28.58656169
45.37750442
39.40383382
60.44299912
40.80804926
22.43082441
78.09091089
111.11403998
96.88563347
81.75840352
92.03261469
109.15943906
103.18262938
86.74954185
77.90675148
57.46819697
39.37558210
27.28907499
30.59034154
33.77127667
28.13558043
32.38066391
24.92534722
27.24408150
27.90538117
40.82269831
89.93256969
128.00334058
136.11472514
137.81192144
130.93942740
125.28175760
80.92863985
44.24324992
77.71003576
31.52892668
34.22853609
25.22146717
31.67541711
14.55277818
14.69926862
15.35115104
27.42824091
17.89276006
11.36451854
17.68558073
24.21905406
19.26139925
18.35001949
27.27233323
19.28441918
27.28384319
23.68750306
18.67962296
10.79843765
29.28448397
45.37645806
61.82942644
75.28038729
78.91753547
88.56497686
84.95921949
79.32247689
76.79656327
85.41543255
110.79385375
99.78509769
91.13588397
86.41470658
71.63486822
57.37402454
50.73905428
52.69574792
47.48068850
74.36796116
87.08228441
99.13321526
87.07077445
85.38194902
73.46599864
81.26870693
75.71671951
79.03054238
82.16857673
61.92359886
76.72959622
59.94702437
58.52920625
43.28896939
59.12249250
39.29710508
41.03301671
47.11550878
58.20169549
60.11967381
61.16708040
75.74497123
78.91858183
83.67324275
107.41724926
99.02020836
84.36070143
88.22909523
107.49781900
107.56373970
90.78639965
90.29461034
86.93893306
102.04418944
128.20947354
126.17430288
172.15137172
78.02708291
58.02590697
13.92391568
31.01621016
29.30959661
49.36622965
36.24173319
25.86811779
21.47026571
24.29753108
25.97798562
30.59138790
34.90343844
48.16186901
40.30579635
33.49608392
15.11467363
20.43018364
28.11674594
17.17704966
23.78167548
23.77539732
35.57834080
25.81789250
25.11055298
18.45779459
30.82158716
22.25189681
28.25381913
53.46482270
46.80473978
58.29168247
60.55495967
70.01300985
56.12257770
61.35228617
69.39670367
75.78473292
85.82560576
90.67757818
66.91264447
79.69288841
113.59705283
127.79302217
64.46834695
92.18852237
99.17402331
39.34419129
59.08482353
82.80267104
55.78355698
49.32018980
38.56256019
38.95389892
38.94448168
41.84185318
31.04027645
47.94631880
44.21918364
58.84520704
63.11958861
78.47073965
61.22044478
62.05020845
48.35649202
44.81874805
46.08275122
57.07685824
65.19033552
51.56777159
62.51793147
59.38094348
67.93807750
55.80448419
53.70862463
48.35753838
