1.04870632
1.46818885
2.72663644
1.09624416
0.67676163
0.41948253
-2.00233698
0.62922379
1.25844759
-1.00116849
-32.82042417
-22.27509660
-0.21134755
-0.79142722
-1.00116849
-1.00116849
-7.00817943
-1.00116849
-1.00116849
-3.00350547
-2.00233698
-3.00350547
-2.00233698
-1.00116849
0.20974126
0.20974126
-7.79960665
-20.37474707
-58.53050493
-59.23907860
-13.39884733
-207.00034206
-317.51208465
-292.12952976
-257.33327816
-39.57578790
-165.56086197
-198.30687629
-141.26703705
-132.85015398
-17.64043508
-7.68838196
-60.47170162
-54.40572491
-89.35151702
-19.14110197
-44.93949273
-70.39925559
-67.71626525
-45.82193613
-14.97277163
-101.11406197
-84.88153397
-228.68695070
-54.06558152
-2.00233698
-0.37194470
-0.84707826
2.93584228
2.30715391
1.72546795
1.46818885
1.46818885
2.09741265
0.83896506
-2.84605172
0.20499158
1.99987996
2.77417427
5.14034274
3.78206980
-1.35529390
0.46702036
-2.37091815
3.46577615
1.25844759
0.57047532
1.89103490
1.04059312
3.98508403
1.04763547
1.30934894
-0.97741647
-0.28160034
2.56443301
3.77534276
2.72663644
1.67793012
2.30715391
-1.35965911
1.30598542
2.30715391
1.88767138
-0.16220343
1.36499998
1.46818885
1.67793012
1.09624416
0.83896506
-0.41275549
0.71472891
-2.16614670
-1.52208266
0.83896506
1.04870632
2.83318883
0.86746676
3.14611897
-0.11466560
1.30598542
0.63258731
1.36392912
0.94888097
0.04753783
0.41787624
1.93520921
1.73493353
-3.89812157
-11.38143456
-16.01869583
-5.37778714
-0.78806370
0.62922379
-1.00116849
-2.00233698
-0.93542689
0.41948253
0.20974126
0.04753783
-1.00116849
-2.93757191
-2.00233698
-1.79259571
-0.60179295
-0.99780497
-1.79259571
-2.00233698
-1.62702876
-5.00584245
-1.00116849
-1.00116849
-2.00233698
-2.36481610
-0.10318887
-4.58635992
-5.21222019
-5.27123475
-1.58285445
-1.79259571
1.25844759
-3.62936574
-1.05681953
0.41948253
-0.31293014
-6.00701094
-3.94229588
-0.97805688
1.15862224
-1.04694909
0.10655239
-5.00584245
-0.31293014
0.20974126
0.10655239
0.20974126
-1.00116849
-1.00116849
-1.00116849
-1.00116849
-0.83613697
-1.00116849
-1.00116849
-1.00116849
-4.00467396
-1.00116849
-1.00116849
-1.00116849
-1.00116849
-0.18123956
-1.00116849
-1.00116849
-1.00116849
-1.00116849
-0.31293014
-0.31293014
-1.00116849
-0.31293014
-1.00116849
-0.31293014
-1.00116849
-1.00116849
-1.00116849
-1.00116849
-1.00116849
-1.00116849
-1.00116849
-2.00233698
-1.00116849
-7.00817943
-3.00350547
-1.00116849
-3.00350547
-14.01635885
-17.01986432
-6.68242019
-4.31760409
-5.32215153
-3.94229588
-18.79620603
-29.58858423
-26.78608184
-16.18401933
-24.68984476
-29.53305627
-24.41619648
-8.00934792
-19.56591998
-10.01168489
-18.44158620
-11.01285338
-5.00584245
-16.01869583
-10.37416402
-2.00233698
-6.60880388
-4.46014346
-3.61773807
-4.58489962
-12.52506560
-14.96416400
-21.41157418
-31.40612617
-51.58931948
-36.15234523
-50.49521081
-20.74665456
-5.51622018
-8.35469413
-12.67660204
-20.32818176
-21.49714069
-3.52671230
-9.71457335
-7.32448851
-15.45766771
-2.67611957
-2.62819725
-6.52864233
-5.19362698
-5.00637788
-2.00233698
-16.33216140
-32.57605876
-31.13630006
-28.46334709
-15.82173769
-6.39066790
-2.11764298
-6.21728763
-0.37194470
-3.38493116
-1.11261655
-0.42759573
0.73860428
-1.52544618
-0.31293014
-3.52671230
-0.63083008
-1.16337192
-4.15741181
-23.28239712
-39.51518983
-25.73605187
-11.10027771
-2.44248030
-1.93713081
0.03132980
-1.26656079
-0.18123956
-0.02485667
0.63258731
-5.56756741
-2.13603871
-0.94376022
-3.05969194
-56.18010101
-98.20065610
-100.19267519
-81.31291324
-2.93091404
-1.37311319
-2.87645665
-4.47909003
-1.20303772
0.46984845
-0.58168596
-11.74794319
-13.34916778
-1.94049433
-2.90842980
-0.31293014
-22.76676807
-65.09363557
-98.66008751
-88.75140913
-76.33495247
-9.78622505
-67.98430328
-32.86739659
-42.90025933
-35.11566211
-2.39385323
-16.08386593
-1.13278493
-34.78485325
-64.37808973
-27.91004187
-85.84083623
-27.72849144
-2.58173028
-8.81670167
-7.79826970
-4.38999860
-4.20875904
-9.46851707
-5.02386415
-4.60561885
-6.29715198
-46.37869281
-98.97546364
-97.57438418
-51.97256255
-3.45878597
-13.65800148
-4.31952569
-6.79435715
-4.78196073
-2.52448837
-8.15051949
-13.84084733
-8.76138136
-11.36343874
-11.09059145
-116.53929599
-138.76064652
-140.70357047
-104.39262223
-43.53960791
-13.03636821
-22.29951699
-6.70839131
-7.21845612
-1.79259571
-1.00116849
-6.00701094
-0.97266679
-6.00701094
-12.50819157
-6.14071266
-1.18240805
-0.94376022
-3.21378216
-1.00116849
-0.79142722
-4.31760409
-1.00116849
-1.00116849
-16.56241451
-12.31056744
-21.03785683
-32.20207012
-49.20465836
-34.92234857
-28.02947515
-13.23860908
-19.42140031
-13.91352887
-4.00467396
-30.57877336
-22.84785241
-0.18123956
-1.79259571
-4.04139385
-1.57773370
-1.31341225
-2.00233698
-1.00116849
-1.31409863
-2.00233698
-1.42225730
0.20974126
-31.03622317
-43.11977628
-111.60557011
-119.24498372
-34.22393832
-96.72303082
-117.34190613
-113.53606074
-71.98698547
-52.71123679
-29.69747697
-37.17939742
-80.13223538
-68.96627267
-83.62228271
-92.67961279
-65.82098311
-91.07544228
-44.54169351
-57.95187852
-67.11564726
-52.05645426
-43.42598304
-28.91686131
-12.76842436
-23.99374880
-34.60370228
-45.79008135
-41.09039630
-53.40558980
-78.02061908
-74.76625697
-62.05603546
-28.48537709
-66.20789580
-80.26492171
-62.16203673
-72.41430578
-48.42610735
-54.86010177
-67.47994442
-57.15470728
-54.50732407
-36.40727735
-46.06910457
-88.59941691
-71.89520329
-60.76896255
-48.28905752
-56.05855843
-41.48776042
-35.92366447
-55.30655654
-30.70918047
-48.36518732
-41.16401646
-52.20661893
-58.92219771
-165.34553485
-63.81881927
-46.91622980
-38.04509351
-56.45524171
-37.52648190
-31.44307581
-25.66150986
-21.99880317
-27.18646882
-29.27871250
-34.05535726
-29.50106995
-35.59883010
-32.89123674
-29.22581710
-29.60739374
-32.66053054
-26.85391834
1.25844759
0.62922379
0.41948253
0.83896506
-0.31293014
1.25844759
-2.62819725
-0.73348352
-1.00116849
-1.31409863
-33.03856015
-13.01519036
-12.19526143
-3.31643561
-8.42990130
-18.44158620
-16.22897252
-16.01869583
-3.00350547
-1.00116849
-4.00467396
-2.00233698
-2.52554381
-2.53731747
-1.00116849
-0.62586027
0.20974126
-1.00116849
-1.00116849
-2.00233698
-2.00233698
-5.00584245
-4.00467396
-9.43106979
-2.00233698
-11.01285338
-2.08860585
-1.00116849
-1.00116849
-21.61900736
-1.00116849
-1.00116849
-1.00116849
-1.00116849
-2.00233698
-3.00350547
-2.00233698
-1.00116849
-1.00116849
-1.00116849
-1.00116849
-1.00116849
-2.00233698
-2.00233698
-1.00116849
-1.00116849
-2.00233698
-4.00467396
-3.00350547
-1.00116849
-1.00116849
-1.00116849
-1.00116849
-3.00350547
-0.31293014
