-4.99682069
-6.99554896
-12.99173379
-10.02729587
-8.02856759
-1.99872828
-0.06730898
-2.99809241
-5.99618483
-0.03365449
-0.93259984
0.85070697
-1.82943800
-1.03301863
-0.03365449
-0.03365449
-0.23558142
-0.03365449
-0.03365449
-0.10096347
-0.06730898
-0.10096347
-0.06730898
-0.03365449
-0.99936414
-0.99936414
-1.26860005
0.57726454
-2.02569343
-0.75100233
-5.81835215
-4.22363119
-1.75704768
-0.69832906
0.93197286
-0.84359222
-0.86929844
3.02837776
-0.68623912
0.80999414
-0.45311007
-0.10306551
1.31475478
0.04517011
-2.00606570
-1.82365109
0.09033771
-1.91832329
1.76468103
2.30058610
0.66889264
-0.06730898
-3.03174690
-8.09004636
-14.93403197
-10.99300551
-13.02538828
-6.99554896
-6.99554896
-1.03301863
-0.99936414
-9.99364138
-3.99745655
-13.20982459
-5.05246925
-7.10684609
-18.13933630
-24.01100054
-18.02220897
-27.01065600
-28.09349298
-17.78831382
-7.02920345
-8.15152513
-24.06821215
-5.99618483
-24.90304982
-14.04674649
-17.08432360
-18.98791862
-6.88268878
-16.07912926
-18.15724898
-8.00621405
-17.02284483
-17.98855448
-12.99173379
-7.99491310
-2.06603725
-10.99300551
-23.27527840
-11.02666000
-10.99300551
-8.99427724
-4.03111104
-9.02210152
-6.99554896
-7.99491310
-10.02729587
-3.99745655
-8.10621023
-5.94895940
-6.92722216
-3.06540139
-7.94275017
-3.99745655
-4.99682069
0.21484147
-10.25789120
-16.01765049
-4.98107888
-14.99046206
-9.06158622
-2.03238276
-11.02666000
-8.05056167
-10.90796962
-12.07584250
-5.03047518
-2.99809241
-4.82753042
-14.02475242
-9.96215776
-3.16053465
-8.45441553
-0.53847182
-3.20001934
-6.08548788
-2.99809241
-0.03365449
-0.06730898
-8.13403451
-1.99872828
-0.99936414
-5.03047518
-0.03365449
0.05208835
-0.06730898
-1.06667311
0.12860199
-5.08612374
-1.06667311
-0.06730898
-2.08803133
-0.16827244
-0.03365449
-0.03365449
-0.06730898
-0.03582536
-2.02655256
-2.16700072
-4.22137756
-6.22593604
-2.06603725
-1.06667311
-5.99618483
-2.15534031
-7.09068222
-1.99872828
-1.02718842
-0.20192693
-3.18252873
-8.92686914
-13.07520664
-2.88445071
-3.02591670
-0.16827244
-1.02718842
-0.99936414
-3.02591670
-0.99936414
-0.03365449
-0.03365449
-0.03365449
-0.03365449
-1.99794675
-0.03365449
-0.03365449
-0.03365449
-0.13461795
-0.03365449
-0.03365449
-0.03365449
-0.03365449
0.01574181
-0.03365449
-0.03365449
-0.03365449
-0.03365449
-1.02718842
-1.02718842
-0.03365449
-1.02718842
-0.03365449
-1.02718842
-0.03365449
-0.03365449
-0.03365449
-0.03365449
-0.03365449
-0.03365449
-0.03365449
-0.06730898
-0.03365449
-0.23558142
-0.10096347
-0.03365449
-0.10096347
-0.47116284
-0.57212631
-1.19763173
-1.16180637
-5.13325005
-3.18252873
-0.22700861
-12.74816280
-17.78097057
-16.15456254
-51.84855720
-50.10566760
-5.78800508
-0.26923591
-0.59220985
-0.33654489
-0.49292061
-0.37019937
-0.16827244
-0.53847182
-0.30506127
-0.06730898
-0.07332494
-14.22421161
-5.83038019
-8.12839007
-4.10671803
-6.00971727
-4.33793316
-9.63025099
-35.20743448
-36.81458444
-67.37144733
-46.04333379
-3.12826950
-5.19352523
-3.38879739
-9.11304031
-9.84056497
-1.07172180
-9.10516436
-5.20055902
-6.27829678
-8.74421823
-2.12168582
-16.32439999
-15.13853985
-1.11120649
-0.06730898
-2.50859429
-5.30989312
-1.88533245
0.66452185
-0.08535687
0.10467335
0.10148465
-0.14549684
-3.03174690
-15.18619933
-22.93790145
-10.08877464
-12.01941241
-2.89028091
-1.02718842
-1.07172180
0.16929027
-4.06476553
-1.10249847
-2.62548532
-1.81471296
0.66886358
-2.46465482
-19.07698537
-9.11062305
-6.97902563
-6.09131809
0.01574181
-14.97898741
-8.05056167
-13.15183145
-5.08204234
-0.85789815
-8.10092525
-10.94623758
-6.52351530
0.68230419
-2.41371462
-1.39928441
-3.06540139
-13.13512236
-29.34093109
-35.40719153
-13.02460675
-2.03238276
-4.11332976
-1.38964706
-4.05815380
-10.16191382
-1.02718842
-12.79929585
-7.16496130
0.44749221
1.17407177
0.01780689
-0.86705226
0.53067584
0.36764741
0.30621919
-1.08113057
0.00486292
-25.37629696
-29.23041549
-40.11026137
-23.08112713
-2.35638462
-0.29890047
-0.62558918
-9.03802909
-14.16094547
-19.28313087
-11.11031861
-11.12606042
-10.31696280
-22.18931532
-24.35409659
-18.17569490
-10.55326260
-1.02133837
0.11750665
-23.06713248
-19.17332221
-22.62705997
-24.29718184
-30.43542849
-31.14465309
-8.14245765
-13.36565510
-25.44012031
-36.40074950
-23.91415456
-23.61891968
-38.04366520
-4.00729867
0.77339412
0.10665231
2.94185809
-0.16239169
0.14138132
0.56432545
-0.17915133
-1.06667311
-0.03365449
-0.20192693
-1.01727682
-0.20192693
-1.41530047
-5.21666030
-0.01791268
-0.85789815
-0.04453338
-0.03365449
-1.03301863
-1.16180637
-0.03365449
-0.03365449
-0.49124639
-0.21931842
-0.19719922
-0.58630456
0.28278719
-0.36225842
0.04211663
-0.60835981
-1.53851835
-0.12437092
-0.13461795
-0.96240923
0.93862068
0.01574181
-1.06667311
-1.06518465
-14.99977790
-10.82798240
-0.06730898
-0.03365449
-1.06084291
-0.06730898
-0.86372836
-0.99936414
-1.04328915
-1.58096698
-0.59301876
0.12090657
-2.87285537
-121.16437064
-110.41635809
-113.92373666
-83.83929274
-64.18629782
-74.21698783
-32.35638855
-39.08637049
-89.34039803
-158.27632226
-125.22717746
-90.11771516
-97.53900085
-93.82594457
-112.30987744
-129.88744510
-85.34367494
-64.42245428
-42.26088860
-8.69025594
-64.70857546
-47.33468158
-61.09875836
-40.23798143
-77.90552160
-134.19102747
-105.83752389
-57.25737678
-64.77217263
-92.53875902
-96.54125031
-76.65965866
-102.29271165
-72.98189064
-64.88590093
-48.75063794
-55.52475981
-85.11476919
-60.22076276
-73.71725331
-104.96927958
-74.84766073
-84.54543352
-82.00988496
-88.68036180
-68.78982583
-53.64840817
-76.51850542
-34.73743717
-62.82135546
-4.90725438
-5.44287293
-1.21669494
-3.83744035
-5.24282816
-60.71983138
-65.87477030
-102.64522456
-84.37171684
-56.90294904
-42.32640019
-43.17828237
-50.98404401
-47.21384633
-42.29507633
-51.33567431
-47.70613509
-76.75919866
-74.41615877
-78.79132109
-70.92324861
-51.20433354
-5.99618483
-2.99809241
-1.99872828
-3.99745655
-1.02718842
-5.99618483
-2.12168582
-0.91432824
-0.03365449
-1.06084291
-1.11059812
-0.43750835
-0.38811205
-1.12815189
-0.15637573
-0.49292061
-0.48204173
-0.53847182
-0.10096347
-0.03365449
-0.13461795
-0.06730898
-1.03806731
-6.15321892
-0.03365449
-2.05437684
-0.99936414
-0.03365449
-0.03365449
-0.06730898
-0.06730898
-0.16827244
-0.13461795
-0.19003022
-0.06730898
-0.37019937
0.06079637
-0.03365449
-0.03365449
-1.28664794
-0.03365449
-0.03365449
-0.03365449
-0.03365449
-0.06730898
-0.10096347
-0.06730898
-0.03365449
-0.03365449
-0.03365449
-0.03365449
-0.03365449
-0.06730898
-0.06730898
-0.03365449
-0.03365449
-0.06730898
-0.13461795
-0.10096347
-0.03365449
-0.03365449
-0.03365449
-0.03365449
-0.10096347
-1.02718842
