0.63060500
0.63060500
0.63060500
0.63060500
0.37836300
1.13508900
0.63060500
-3.03678799
-21.24024630
-0.67867947
0.12612100
0.12612100
0.12612100
0.12612100
0.12612100
0.37836300
0.12612100
0.12612100
0.12612100
0.12612100
0.12612100
0.12612100
0.12612100
0.12612100
0.12612100
0.25224200
-6.43018532
-13.20163763
-11.82508183
-5.68435466
-33.98468322
-100.26955152
-85.15771633
-79.41671467
-24.06503938
-69.44501899
-65.42349029
-73.75903499
-93.00943188
-17.15089989
-8.09234476
-23.51877207
-20.24142396
-34.49176550
-13.84385061
-21.75118321
-38.71998161
-45.89792484
-21.00161356
-5.73423624
-78.40133554
-53.94896507
-86.21027464
-76.37992668
0.12612100
0.50448400
1.26120999
0.75672600
1.76569399
0.37836300
1.13508900
0.75672600
0.37836300
-1.18147650
1.00896800
0.75672600
-0.92923450
-2.81295124
0.74767479
2.39629899
2.50695749
-2.94339910
-1.49292217
-0.29862951
1.00896800
-1.66672660
0.12612100
-1.30759750
-0.67699251
-1.10342997
-0.26129320
1.38733099
0.12612100
0.75672600
0.75672600
0.88284700
0.37836300
1.00896800
1.51345199
-3.05276167
0.63060500
0.88284700
1.00896800
0.50448400
0.75672600
1.26120999
1.13508900
0.88284700
0.25224200
0.25224200
0.50448400
0.12612100
0.37836300
0.20416753
0.12612100
-2.20590700
1.89181499
-4.42896347
0.16514426
1.00896800
-1.96247591
0.88284700
0.50448400
0.37836300
0.75672600
0.88284700
0.75672600
0.63060500
0.63060500
0.63060500
0.12612100
-1.00074959
-2.33202800
-0.17419547
0.25224200
0.12612100
0.12612100
1.00896800
0.25224200
-1.00074959
-0.64606750
0.12612100
-0.98540723
0.37836300
-0.76577720
0.37836300
-0.98540723
0.12612100
0.12612100
0.12612100
-1.01801920
0.50448400
-0.26129320
-1.24068017
-0.39382550
-0.64606750
0.37836300
0.37836300
-0.55255847
0.12612100
0.12612100
-0.64606750
0.12612100
0.12612100
0.12612100
-0.33933973
-0.97297567
-2.00342643
-5.94120085
-0.33933973
-11.69443893
-29.02142370
-8.14022420
-30.04452768
-35.60055676
-9.40753126
0.25224200
-0.33933973
-0.08709773
0.12612100
-1.01801920
-0.64606750
-1.35735893
-10.36969197
-7.06602584
-4.25536050
-7.80509119
-10.77232838
-4.94890997
-15.68862638
-21.18738097
-30.04341756
-51.69196931
-13.54385674
-0.85928623
-6.13266593
-3.57742608
-11.15202892
-6.72837950
-1.66408670
-8.12908857
-10.91756772
-13.30703197
-6.23510602
-0.64606750
-4.52679937
-9.68460120
-1.64681709
-8.25375466
-12.42126775
-21.63816029
-4.37687731
-8.35210174
-5.09084567
-3.81358068
0.25224200
-0.34839094
-0.92923450
1.76569399
-3.51350451
-1.00074959
-0.64606750
-0.51994650
-1.00074959
-1.29213500
0.12612100
0.37836300
-13.45270205
-18.84759855
-5.41216612
-2.13970232
-1.42730720
-0.87474874
0.75672600
-0.72073367
2.14405699
-0.49638574
1.04799126
1.13508900
0.12612100
-3.24580000
1.00896800
-28.00910495
-45.85964662
-41.53513563
-6.29973745
0.75672600
-1.91464174
-0.27494860
-1.82754400
-2.85630137
-0.14158350
-2.79748873
-0.59461267
-2.58427000
-0.03092501
-0.64606750
1.00896800
-4.12090094
-77.77253765
-47.89792942
-36.28079562
-0.83560532
-37.05782217
-25.57109654
-22.91967535
-27.90917999
-1.64681709
-2.46720020
0.30105048
-2.41874392
0.66962826
-8.99077441
-63.76562721
-28.37314600
-1.19693901
0.27580276
-4.78168127
1.30023326
0.36290050
-4.62503274
-9.22819167
-1.79733165
-4.37267059
0.75672600
-38.96097426
-42.09610933
-33.15210883
0.33197549
-8.11669862
0.58421749
-3.54442951
0.31651299
-3.74387270
0.61514249
-3.56157897
-2.88385245
-8.55816594
-5.43624450
-2.90560611
-56.27253437
-75.76246142
-55.33035904
-50.57960266
-5.68919271
-9.59010498
-11.30781226
-12.67717022
-3.15217082
-3.87640500
-1.43371850
-0.33933973
-1.29213500
0.12612100
-0.97297567
-3.69819784
-8.37987566
-3.03678799
-5.70646232
-12.84310102
-17.42116117
-20.40916663
-10.06123197
-6.00449753
-2.03603840
-17.97521436
-20.08335751
-1.01801920
-0.64606750
0.12612100
0.86738449
-0.90736070
-0.33933973
0.12612100
-24.87129295
-42.88709903
-75.11084330
-17.18736637
-50.81180018
-70.96876456
-86.52693664
-54.65291534
-28.99711326
-29.30856536
-34.69889471
-37.90267934
-43.47681083
-59.08302678
-51.41747169
-71.08264804
-58.27270621
-48.73433797
-58.27275148
-68.11907776
-84.07150143
-30.68559352
-10.63653587
-8.80344117
-45.52295704
-35.08150969
-43.56095348
-23.88561581
-17.60759498
-39.87719856
-54.01443771
-45.94015008
-27.30317464
-50.93352211
-75.34587753
-66.63496006
-83.65486485
-31.75270955
-47.00773568
-49.17799613
-39.11735387
-57.12066278
-33.35023478
-53.53988874
-83.13122183
-70.84409846
-64.34136741
-41.48259278
-65.86970048
-63.79042566
-61.19915006
-69.73799898
-28.03043796
-23.13031511
-42.68785468
-13.92646430
-8.35737233
-65.51500273
-28.12468183
-45.00084114
-82.60930280
-95.91188776
-76.09969093
-58.11251834
-52.36714646
-51.68846700
-52.99739926
-56.96365380
-50.73807134
-46.98491538
-46.97004537
-50.60191740
-54.02639692
-57.83104654
-62.50261109
-29.00986376
0.37836300
0.12612100
0.25224200
-0.33933973
0.12612100
0.25224200
0.50448400
0.37836300
0.12612100
0.12612100
0.12612100
0.37836300
0.37836300
1.38733099
0.12612100
0.12612100
0.12612100
-0.74850759
0.63060500
