0.29124152
0.29124152
0.29124152
0.29124152
0.17474491
0.52423473
0.29124152
-2.91743106
-20.32304773
-0.67031127
0.05824830
0.05824830
0.05824830
0.05824830
0.05824830
0.17474491
0.05824830
0.05824830
0.05824830
0.05824830
0.05824830
0.05824830
0.05824830
0.05824830
0.05824830
0.11649661
-6.26898742
-12.91150710
-11.43353826
-5.24117410
-33.14445242
-96.21134058
-82.95790488
-76.88115078
-23.51187310
-67.69659687
-64.75204727
-70.82429230
-88.10120020
-16.20221043
-7.74682626
-22.42092270
-19.45492712
-33.49308720
-13.34550241
-20.97987986
-37.10704765
-44.44222501
-20.54430392
-5.49970648
-74.61542630
-51.64550841
-83.92986703
-73.96371973
0.05824830
0.23299322
0.58248304
0.34948982
0.81547625
0.17474491
0.52423473
0.34948982
0.17474491
-1.18275587
0.46598643
0.34948982
-1.06625926
-2.53940864
-0.18999065
1.10671777
0.94545903
-3.17765947
-1.50666169
-0.77501775
0.46598643
-2.37566938
0.05824830
-1.24100418
-0.94976266
-1.50357732
-0.65597709
0.64073134
0.05824830
0.34948982
0.34948982
0.40773813
0.17474491
0.46598643
0.69897965
-2.86416247
0.29124152
0.40773813
0.46598643
0.23299322
0.34948982
0.58248304
0.52423473
0.40773813
0.11649661
0.11649661
0.23299322
0.05824830
0.17474491
-0.26257315
0.05824830
-1.86824935
0.87372456
-3.67655436
-0.10216242
0.46598643
-1.97340520
0.40773813
0.23299322
0.17474491
0.34948982
0.40773813
0.34948982
0.29124152
0.29124152
0.29124152
0.05824830
-0.90649724
-1.92649765
-0.43731806
0.11649661
0.05824830
0.05824830
0.46598643
0.11649661
-0.90649724
-0.51074857
0.05824830
-0.84590420
0.17474491
-0.88897030
0.17474491
-0.84590420
0.05824830
0.05824830
0.05824830
-1.00546691
0.23299322
-0.65597709
-1.39016508
-0.39425196
-0.51074857
0.17474491
0.17474491
-0.61206297
0.05824830
0.05824830
-0.51074857
0.05824830
0.05824830
0.05824830
-0.33515564
-1.05416143
-1.85137111
-5.15823466
-0.33515564
-9.51259959
-23.96946427
-6.84320817
-25.41115116
-31.33513890
-9.21386704
0.11649661
-0.33515564
-0.21865903
0.05824830
-1.00546691
-0.51074857
-1.34062254
-8.33153975
-6.24693126
-3.90139958
-6.92914105
-8.94744417
-4.12905462
-12.91693608
-19.22457704
-25.21059845
-42.91986622
-11.10563764
-0.78765590
-5.69452238
-3.46497563
-10.01823968
-5.44348931
-1.51621547
-7.20370365
-9.72793711
-12.17350791
-5.97377445
-0.51074857
-4.15524248
-7.98120191
-1.41724581
-7.72682459
-11.68575445
-21.53215998
-4.15908393
-7.93273708
-4.75114523
-3.28699187
0.11649661
-0.87463611
-1.06625926
0.81547625
-3.10925353
-0.90649724
-0.51074857
-0.45250026
-0.90649724
-1.02149713
0.05824830
0.17474491
-12.71343777
-17.87798861
-5.26352051
-2.83848754
-1.61922591
-1.00716294
0.34948982
-0.93766482
0.99022117
-0.83241803
0.30557571
0.52423473
0.05824830
-2.77324987
0.46598643
-26.33984921
-44.83652306
-38.58415264
-5.63073659
0.34948982
-1.91216347
-0.99602151
-1.69350444
-2.95900044
-0.27775535
-2.31990159
-0.87941652
-2.04299426
-0.43901409
-0.51074857
0.46598643
-4.12474807
-74.20364740
-46.52896557
-34.75298504
-1.00865966
-35.62920880
-24.30035254
-21.89985624
-27.27121368
-1.41724581
-2.52422643
-0.92279032
-3.90784862
0.13083079
-8.53298544
-60.06033146
-27.70691961
-1.40226292
-0.26342116
-5.13119300
0.42207231
-0.04476213
-4.01340603
-8.12727845
-2.07556763
-3.73799542
0.34948982
-37.23629079
-40.35963434
-32.56355704
-0.48377623
-8.15577322
-0.36727962
-3.54826762
-0.70328327
-3.32621652
0.07173447
-3.48832328
-3.95691730
-8.61697222
-4.42199218
-3.69753691
-53.69468886
-72.67566341
-53.66214824
-48.73852524
-5.54840100
-9.56071485
-10.74322531
-11.79491201
-2.71565027
-3.06449139
-1.29925248
-0.33515564
-1.02149713
0.05824830
-1.05416143
-3.48877266
-7.78507289
-2.91743106
-5.64737067
-12.43900517
-16.14148739
-19.69985035
-9.40025803
-5.43898344
-2.01093382
-16.71124837
-20.05590177
-1.00546691
-0.51074857
0.05824830
0.18823108
-1.16672565
-0.33515564
0.05824830
-23.45431834
-42.00774378
-73.61921033
-16.43852639
-45.82406652
-59.05173039
-71.51925058
-45.41705678
-24.62557136
-24.76064224
-29.02736254
-30.75723397
-37.76018267
-51.51520427
-44.66652793
-59.40232822
-48.74990886
-39.88216642
-47.78504904
-57.18785112
-70.31913683
-26.74186035
-10.11582101
-7.29401240
-37.14794188
-28.65833614
-35.67778594
-20.20195246
-15.40910207
-34.47390882
-46.09949626
-40.39649078
-23.96816109
-45.46693161
-64.03871897
-56.09167683
-70.02861333
-27.58084575
-40.21888822
-43.20848276
-32.95055076
-49.56830631
-27.88188522
-46.26387843
-71.87931424
-58.52860945
-55.18368412
-35.50993945
-54.74109597
-52.65831929
-49.95189349
-58.27260541
-24.42352479
-21.49461720
-39.68409906
-13.92251150
-8.32064260
-61.59450164
-26.22216073
-38.36915085
-68.15763632
-79.59222770
-63.79811683
-48.99697049
-43.85775949
-43.18744822
-43.80466575
-47.97377732
-43.04273262
-38.99161437
-39.43427060
-42.53577190
-45.38798977
-48.29441517
-52.40565962
-24.38168789
0.17474491
0.05824830
0.11649661
-0.33515564
0.05824830
0.11649661
0.23299322
0.17474491
0.05824830
0.05824830
0.05824830
0.17474491
0.17474491
0.64073134
0.05824830
0.05824830
0.05824830
-0.79000063
0.29124152
