-1.28181040
-1.28181040
-1.28181040
-1.28181040
-0.76908624
-2.30725873
-1.28181040
-0.10467907
-0.85582722
0.00408770
-0.25636208
-0.25636208
-0.25636208
-0.25636208
-0.25636208
-0.76908624
-0.25636208
-0.25636208
-0.25636208
-0.25636208
-0.25636208
-0.25636208
-0.25636208
-0.25636208
-0.25636208
-0.51272416
-0.08424054
0.22176191
-0.29768639
-0.19242406
-1.35878509
-5.31847405
-4.16394351
-1.85809574
-3.52457208
-3.22665163
-4.46133234
-3.43922041
-7.63745324
-1.00342718
-0.32016876
-1.49265802
-0.35068589
-0.65304323
-0.40849701
-1.55543752
-1.89297962
-1.48083751
-1.61208545
-0.21140199
-3.84815443
-2.13445841
-1.72991403
-1.75341668
-0.25636208
-1.02544832
-2.56362081
-1.53817248
-3.58906913
-0.76908624
-2.30725873
-1.53817248
-0.76908624
-1.09975438
-2.05089664
-1.53817248
-1.61247854
-0.80543179
-3.58293757
-4.87087953
-6.26291265
-1.37363844
-0.38600771
-2.89428894
-2.05089664
-2.80158822
-0.25636208
-0.84339230
-2.12520270
-2.63383916
-1.53204093
-2.81998289
-0.25636208
-1.53817248
-1.53817248
-1.79453456
-0.76908624
-2.05089664
-3.07634497
-0.71667585
-1.28181040
-1.79453456
-2.05089664
-1.02544832
-1.53817248
-2.56362081
-2.30725873
-1.79453456
-0.51272416
-0.51272416
-1.02544832
-0.25636208
-0.76908624
-1.79044686
-0.25636208
-0.18452877
-3.84543121
0.62456183
-1.02340447
-2.05089664
-1.00092675
-1.79453456
-1.02544832
-0.76908624
-1.53817248
-1.79453456
-1.53817248
-1.28181040
-1.28181040
-1.28181040
-0.25636208
-0.11694218
0.07183331
-1.02136062
-0.51272416
-0.25636208
-0.25636208
-2.05089664
-0.51272416
-0.11694218
0.14613937
-0.25636208
0.14818322
-0.76908624
-0.50659260
-0.76908624
0.14818322
-0.25636208
-0.25636208
-0.25636208
0.00613156
-1.02544832
-1.53204093
-0.89873187
-0.36658479
0.14613937
-0.76908624
-0.76908624
-0.25227438
-0.25636208
-0.25636208
0.14613937
-0.25636208
-0.25636208
-0.25636208
0.00204385
-0.27578500
0.15431478
-0.02935062
0.00204385
2.34640530
4.13116533
0.47799358
0.30546364
-1.00643966
-0.92196930
-0.51272416
0.00204385
-0.51068031
-0.25636208
0.00613156
0.14613937
0.00817541
2.19617823
0.50104776
-0.82559020
0.52192662
1.52591961
0.51433912
2.18231040
-1.21553471
4.04314954
8.30834921
1.16621331
-0.10817886
-0.92763750
-0.25724741
0.39592370
0.83844681
0.15227093
0.78909587
0.52994753
-0.81697565
-1.70344321
0.14613937
0.19840684
1.28299647
0.02919719
-0.94370821
-0.13256909
-2.57900793
-0.21957740
-0.84618894
-1.09539122
-0.05182834
-0.51272416
-2.04272124
-1.61247854
-3.58906913
-1.02792107
-0.11694218
0.14613937
-0.11022271
-0.11694218
0.29227874
-0.25636208
-0.76908624
-0.77976208
-0.99320792
-0.09037210
-3.58192663
-1.49612427
-1.24384989
-1.53817248
-0.78850916
-4.35815537
-2.01293614
-2.81793903
-2.30725873
-0.25636208
-0.40497419
-2.05089664
-1.92859780
-1.67544940
-1.74392625
0.48396611
-1.53817248
-1.46429532
-3.92645673
-0.95361501
-0.86295814
-0.87930895
0.33023925
-1.04487124
0.58455747
-2.27134207
0.14613937
-2.05089664
-2.37924547
-3.87122006
-3.34285380
-1.75865838
-1.14034665
-1.65705141
-0.28002840
-0.96868169
-1.53762610
0.02919719
-1.71656969
-6.44744141
-8.38170834
-2.04885279
-0.53185086
-2.75246473
-0.72560165
-2.23542541
-2.41543758
-2.24272814
-3.33066320
-1.90475728
-0.62337576
-1.02017455
-2.02433122
-0.26555429
-1.53817248
-1.98845504
-1.99561484
-1.77807769
-4.17609935
-2.26902502
-4.68882351
-3.29926313
-5.31177038
-0.28861992
-2.41748144
-2.30564376
-7.39288101
-2.67339972
0.54616807
-6.74891236
-2.48937266
-3.28490563
-4.09765504
-1.94451853
-0.49331854
-1.00707095
-0.92531354
-1.43498756
0.06715769
0.87683621
-0.58703022
0.00204385
0.29227874
-0.25636208
-0.27578500
-0.22366510
-0.68734613
-0.10467907
-0.37024481
-0.29155483
-1.49367829
-1.82873833
-0.41200146
-0.70165309
0.01226311
-2.29957117
-1.65617286
0.00613156
0.14613937
-0.25636208
-2.93020560
-1.38590156
0.00204385
-0.25636208
-1.18358813
-0.77758090
-5.12152513
-0.36908056
-2.04314361
8.61945802
13.15982258
7.53270252
3.35450091
2.27840007
4.63061423
7.14287818
1.74144470
0.99822978
0.07934069
11.04339280
8.38658954
6.20942716
8.72138331
6.43440967
13.33985459
1.19688134
-2.97881546
1.61775231
7.73109446
5.78047114
7.13105420
1.94945308
-0.10655365
0.41290581
5.14247941
1.03832422
-0.48012313
-2.33391690
8.35726886
8.30659106
10.67767695
0.97263871
3.97190852
2.52012423
5.21940699
3.00982641
3.30809512
4.71282929
5.71960707
10.35226210
6.62315083
0.88782848
7.54701042
8.51157552
9.58080465
7.26667767
-1.13871586
-6.27283597
-1.92523068
-1.44007223
-0.20526577
-4.27825088
0.83477987
6.13389485
15.32025277
16.19839148
10.67590297
6.28311296
6.80561725
6.80152954
8.81784904
7.24081567
5.29852678
7.49178755
6.15594593
8.07285455
7.16741465
8.28980577
9.18457555
1.61923447
-0.76908624
-0.25636208
-0.51272416
0.00204385
-0.25636208
-0.51272416
-1.02544832
-0.76908624
-0.25636208
-0.25636208
-0.25636208
-0.76908624
-0.76908624
-2.81998289
-0.25636208
-0.25636208
-0.25636208
-0.62966634
-1.28181040
