-1.66510597
-1.66510597
-1.66510597
-1.66510597
-0.99906358
-2.99719074
-1.66510597
-0.73402174
-5.02853280
-0.18747580
-0.33302119
-0.33302119
-0.33302119
-0.33302119
-0.33302119
-0.99906358
-0.33302119
-0.33302119
-0.33302119
-0.33302119
-0.33302119
-0.33302119
-0.33302119
-0.33302119
-0.33302119
-0.66604239
-1.67140074
-3.43788172
-2.95196842
-1.04678982
-6.93432589
-21.59477894
-17.69213252
-19.94563864
-8.19745320
-13.82685669
-10.77157778
-16.53689726
-17.37811394
-3.79405864
-1.92085151
-4.83984998
-4.85828081
-8.79393028
-3.40477645
-3.45014212
-8.61957803
-10.91693203
-2.34164795
-1.37430558
-17.37998596
-12.80567676
-21.63326471
-19.21161690
-0.33302119
-1.33208477
-3.33021194
-1.99812716
-4.66229671
-0.99906358
-2.99719074
-1.99812716
-0.99906358
-1.90686540
-2.66416955
-1.99812716
-2.57290779
-1.93976213
-4.94351041
-6.32740268
-8.29510926
-2.81134768
-0.06782427
-4.23801376
-2.66416955
-4.50687423
-0.33302119
-1.57384421
-3.23895018
-4.09246837
-2.27934086
-3.66323313
-0.33302119
-1.99812716
-1.99812716
-2.33114836
-0.99906358
-2.66416955
-3.99625432
-0.97562610
-1.66510597
-2.33114836
-2.66416955
-1.33208477
-1.99812716
-3.33021194
-2.99719074
-2.33114836
-0.66604239
-0.66604239
-1.33208477
-0.33302119
-0.99906358
-2.51862416
-0.33302119
-0.87738124
-4.99531791
-0.33797348
-1.42582268
-2.66416955
-1.43599015
-2.33114836
-1.33208477
-0.99906358
-1.99812716
-2.33114836
-1.99812716
-1.66510597
-1.66510597
-1.66510597
-0.33302119
-0.17159434
-0.54436004
-1.51956058
-0.66604239
-0.33302119
-0.33302119
-2.66416955
-0.66604239
-0.17159434
0.03042059
-0.33302119
-0.06331731
-0.99906358
-0.94725609
-0.99906358
-0.06331731
-0.33302119
-0.33302119
-0.33302119
-0.28121370
-1.33208477
-2.27934086
-0.73386666
-0.63562180
0.03042059
-0.99906358
-0.99906358
-0.52049699
-0.33302119
-0.33302119
0.03042059
-0.33302119
-0.33302119
-0.33302119
-0.09373790
0.23477633
-0.34453101
-0.59511559
-0.09373790
0.11177778
-0.49437617
-1.58127263
-7.09559146
-9.46429873
1.46702303
-0.66604239
-0.09373790
-0.75978029
-0.33302119
-0.28121370
0.03042059
-0.37495160
0.26883300
-0.35399026
-1.54674332
-1.16573311
-0.25935534
-0.64057408
-0.68203303
-2.23245385
-2.30468291
-2.49087118
-2.08865455
-0.39633851
-2.22429553
0.43665594
-0.19269872
-0.66443713
-0.25079311
-1.15119399
0.42472056
-3.52872625
-3.09235284
0.03042059
-0.99166264
-0.85438907
-0.14117375
-2.01875252
-2.59403208
-1.82331710
-0.99935398
-1.27936065
-1.61775197
-0.58494811
-0.66604239
-3.03912115
-2.57290779
-4.66229671
-2.45122544
-0.17159434
0.03042059
-0.30260061
-0.17159434
0.06084117
-0.33302119
-0.99906358
-2.98218046
-4.26274814
-1.39018704
-4.29214247
-2.55152088
-2.03102389
-1.99812716
-0.43126605
-5.66136029
-3.03008747
-3.75697103
-2.99719074
-0.33302119
-1.48258245
-2.66416955
-5.61093155
-10.21381006
-8.12239169
-0.79981519
-1.99812716
-2.63622510
-5.43909226
-1.87644482
-2.05156739
-1.30166419
-0.30507675
-0.76428725
0.12168235
-3.26937076
0.03042059
-2.66416955
-3.18912004
-17.52002591
-9.40368094
-8.92204332
-1.59741701
-8.37012726
-5.70305571
-5.38760294
-5.46494007
-0.14117375
-3.15672210
-9.17249049
-11.33868390
-2.75790745
-2.75079690
-13.02576752
-6.80989677
-3.54155079
-3.39352925
-4.58170137
-4.42301342
-2.63374896
-2.18152156
-4.03905562
-2.86181283
-1.32115559
-1.99812716
-9.45270780
-9.44733767
-6.67350061
-5.90311973
-1.91749230
-6.56916212
-5.72059621
-7.53780511
-1.46119554
-3.29979135
-4.30380721
-11.42388691
-6.26079330
-0.72527830
-10.22146606
-13.13298397
-16.88142827
-9.66243602
-11.79078518
-0.85831554
-1.80020151
-2.86239362
-1.94985653
-0.50709167
0.18252352
-1.24082302
-0.09373790
0.06084117
-0.33302119
0.23477633
-0.81187817
-1.68573132
-0.73402174
-0.96793491
-3.23318212
-3.44931908
-3.18346754
-2.04614380
-1.02956602
-0.56242740
-2.38557608
-2.71546575
-0.28121370
0.03042059
-0.33302119
-3.96583374
-2.24892028
-0.09373790
-0.33302119
-5.40327586
-10.10674006
-12.50474495
-4.01463971
-10.34622850
-4.63776407
-0.99255240
-4.42159963
-3.01017956
-4.62679759
-1.64994180
-0.29373091
-8.55320469
-14.25928925
-12.86746962
-3.98746707
-2.83985569
-4.36215502
-3.70051175
-8.37137084
-3.49170415
-6.31463295
-6.07677236
-0.13406305
-1.57240294
-1.18973267
-1.33833484
-2.48204561
-4.52286488
-8.60669914
-5.14232403
-8.25158295
-8.32397954
-15.24292307
-6.68232784
-4.74045394
-5.79525268
-5.66226637
-5.14174339
-4.66837239
-1.69116397
-9.44599608
-4.54485975
-6.47927938
-11.72518335
-3.77020554
-5.48240927
-8.63740997
-5.85577598
-3.25229253
-0.50829010
-5.13171333
-7.52290386
-12.98965032
-9.81404538
-5.47659695
-2.67646870
-14.11335471
-5.36481932
0.13256861
-1.04543084
-1.84314199
-3.42596507
-4.15556021
-2.35117599
-2.16370019
-1.01055633
-2.46659119
-3.52154367
-0.96585953
-2.05950457
-2.54839280
-4.23849562
-3.40446883
-1.06208129
-3.38242657
-0.99906358
-0.33302119
-0.66604239
-0.09373790
-0.33302119
-0.66604239
-1.33208477
-0.99906358
-0.33302119
-0.33302119
-0.33302119
-0.99906358
-0.99906358
-3.66323313
-0.33302119
-0.33302119
-0.33302119
-0.83763672
-1.66510597
