-4.99531329
-4.99531329
-4.99531329
-4.99531329
-2.99718797
0.00000000
0.00000000
-8.99156392
0.00000000
0.00000000
-4.99531329
0.00000000
3.76365799
25.27027506
1.07533085
0.00000000
0.00000000
0.00000000
0.00000000
0.00000000
0.00000000
0.00000000
0.00000000
0.00000000
0.00000000
0.00000000
0.00000000
-0.99906266
0.00000000
0.00000000
0.00000000
0.00000000
0.00000000
0.00000000
-0.99906266
0.00000000
0.00000000
0.00000000
0.00000000
0.00000000
-0.99906266
0.00000000
0.00000000
0.00000000
0.00000000
-0.99906266
0.00000000
0.00000000
0.00000000
0.00000000
0.00000000
0.00000000
0.00000000
-0.99906266
0.00000000
-2.99718797
0.00000000
0.00000000
0.00000000
0.00000000
0.00000000
-0.99906266
0.00000000
0.00000000
0.00000000
-0.99906266
-0.99906266
0.00000000
0.00000000
-0.99906266
-0.99906266
0.00000000
0.00000000
0.00000000
0.00000000
0.00000000
0.00000000
0.00000000
0.00000000
0.00000000
0.00000000
0.00000000
0.00000000
0.00000000
0.00000000
-0.99906266
0.00000000
0.00000000
-0.99906266
-0.99906266
-0.99906266
-1.99812531
0.00000000
0.00000000
0.00000000
0.00000000
9.14031225
18.88875657
15.59229738
3.83412462
38.31517857
111.83440876
99.53857058
86.87206793
16.83462918
72.00276822
73.66016346
83.94627321
69.99884135
13.11537015
9.67797768
24.19494420
24.80307627
42.68696862
17.74295908
14.79883307
44.62623042
57.06300187
0.84559965
6.98965055
72.14370149
49.09455478
105.94615674
83.64607537
0.00000000
0.00000000
-0.99906266
-3.99625063
-10.00803125
0.00000000
-5.99437594
-13.98687720
-2.99718797
-8.99736547
0.00000000
0.00000000
-5.99437594
-3.01459265
-9.01477015
0.00000000
-8.01570749
-5.99437594
-11.04190326
-12.04096591
0.00000000
-12.42609495
-19.02860296
-26.05104935
-2.16025132
0.00000000
-2.00972843
-16.01981187
-8.03311217
-6.19711286
-1.00486422
-8.02150905
-13.05163169
-13.92801368
-9.00896859
-10.98968923
-0.99906266
-5.99437594
-5.99437594
-6.99343860
-2.99718797
-7.99250126
-11.98875189
-8.01570749
-4.99531329
-6.99343860
-7.99250126
-3.99625063
-5.99437594
0.00000000
-9.99062657
-9.00896859
0.00000000
-7.02824795
-2.00392687
-2.00972843
-4.00205219
-1.00486422
-2.99718797
-7.49544674
0.00000000
-0.99906266
0.00000000
-7.01664484
-15.02074921
-5.95291710
-3.45858520
-7.99250126
-1.38999325
-7.00504172
-3.99625063
-3.00298953
0.00000000
-5.99437594
-6.99343860
-5.99437594
-4.99531329
-4.99531329
0.00000000
-5.02432108
-1.00486422
0.53766543
-6.02918530
-4.48665565
-2.00972843
0.00000000
-1.00486422
0.00000000
-1.00486422
0.00000000
-8.03891373
0.00000000
0.00000000
0.00000000
0.00000000
0.00000000
0.00000000
-2.00972843
0.00000000
0.00000000
0.00000000
0.00000000
0.00000000
0.00000000
0.00000000
0.00000000
0.00000000
0.00000000
0.00000000
0.00000000
0.00000000
0.00000000
0.00000000
0.53766543
-1.00486422
0.00000000
0.00000000
-1.00486422
-0.46719879
-3.01459265
-0.39673215
-3.01459265
-0.46719879
-1.00486422
0.00000000
-1.00486422
-1.00486422
1.61299628
0.00000000
0.00000000
-4.01945686
-9.04377794
-4.00785375
-3.01459265
-1.00486422
-3.01459265
-3.00298953
0.07046664
0.00000000
0.00000000
-1.00486422
0.00000000
0.00000000
0.00000000
0.00000000
-0.99906266
0.00000000
0.00000000
-1.00486422
0.00000000
-0.99906266
0.00000000
0.00000000
0.00000000
0.00000000
0.00000000
0.00000000
0.00000000
0.00000000
0.00000000
0.00000000
0.00000000
0.00000000
0.00000000
0.00000000
0.00000000
0.00000000
0.00000000
0.00000000
0.00000000
0.00000000
0.00000000
0.00000000
0.00000000
0.00000000
0.00000000
0.00000000
0.00000000
-0.99906266
0.00000000
0.00000000
0.00000000
0.00000000
0.00000000
0.00000000
0.00000000
0.00000000
0.00000000
0.00000000
-0.99906266
0.00000000
0.00000000
0.00000000
0.00000000
0.00000000
0.00000000
0.00000000
0.00000000
0.00000000
0.00000000
0.00000000
0.00000000
0.00000000
0.00000000
0.00000000
0.00000000
0.00000000
0.00000000
0.00000000
0.00000000
0.00000000
0.00000000
0.00000000
0.00000000
0.00000000
0.00000000
0.00000000
0.00000000
0.00000000
0.00000000
0.53766543
0.00000000
0.00000000
1.14579749
-0.86393094
0.53766543
-19.55961889
-30.33125871
-15.46969539
-60.47718519
-48.32228029
-4.48665565
-2.00972843
0.53766543
0.00000000
0.00000000
-1.47206300
-0.99906266
0.00000000
1.61299628
-1.00486422
2.15066171
-13.99763238
-8.43564588
-4.41618901
-7.82751381
-10.91257310
-9.50517517
-19.41868562
-37.09790623
-39.70130217
-61.92318052
-31.15079069
-1.47206300
-2.73272610
-1.47206300
-3.73759031
-14.06809902
0.60813206
-5.20965332
-10.44537431
-7.00798184
-3.19992489
-1.00486422
0.28186655
-15.46969539
0.00000000
0.00000000
-0.46719879
5.98478633
7.80918252
12.57770473
4.83898884
3.36692584
1.22786725
-2.94412601
-2.00972843
-8.97331131
-11.05350637
-14.06809902
-15.07296324
0.53766543
-1.00486422
-2.00972843
0.53766543
-2.00972843
-1.00486422
-3.01459265
9.35171217
20.43128622
7.52731597
-11.42123073
-10.51584095
-7.50124830
-6.02918530
-1.99812531
-17.08269167
-10.51584095
-12.05837059
-9.04377794
-1.00486422
-11.03610170
-8.03891373
22.25568241
49.35035366
17.18696237
0.81953198
-6.02338374
-11.52070516
-17.54989046
-10.04864216
-2.26552731
-5.02432108
-6.02918530
-3.01459265
-4.01945686
-12.05837059
-1.00486422
-8.03891373
-4.34572238
87.10179913
45.98342782
42.01417148
-2.94412601
42.00836992
27.09467125
25.34074169
26.08980703
-0.46719879
-11.45023853
-33.16051912
-28.39199692
-7.50124830
0.58113778
46.61762756
33.54665637
-15.07296324
-10.51584095
-6.06778270
-12.52556938
-9.04377794
-14.53529781
-23.43814248
-4.88338780
-9.51097673
-6.02918530
42.61650199
45.30482912
26.44214022
-21.10214853
-11.91743731
-23.11187696
-27.13133383
-27.13133383
-8.97331131
-11.05350637
-19.02195346
-41.05849957
-14.50923014
-12.05837059
-39.65690321
49.63222021
82.00701141
54.37467474
30.98093122
5.37665427
7.66824925
7.74451745
8.06498140
0.00000000
0.00000000
0.00000000
-2.94412601
0.00000000
-6.02918530
-7.03404951
0.53766543
-2.00972843
0.00000000
0.00000000
0.00000000
-1.00486422
0.00000000
0.00000000
3.76365799
5.44712090
3.76365799
4.90945548
17.20529366
13.97930110
18.28062451
7.13058382
3.22599256
3.22599256
0.00000000
9.67797768
19.42642200
1.61299628
-1.00486422
-1.00486422
-13.06323481
-10.04864216
0.00000000
0.00000000
0.53766543
0.00000000
-0.99906266
0.00000000
0.00000000
24.80307627
52.97307837
70.85697073
19.96408743
-62.57571155
-89.05451435
-106.81580472
-83.23672897
-31.98865396
-48.81554675
-35.61137867
-56.52819496
-57.22512496
-90.50050968
-82.81392914
-80.52233416
-58.69718796
-85.59879059
-89.33057934
-94.33463430
-91.43490726
-33.71651584
-28.39199692
-9.90770888
-65.36057299
-51.97107267
-58.32652348
-25.70366979
-28.25106364
-56.96932608
-62.31991267
-40.32776552
-48.53368020
-87.15965152
-86.41058618
-70.07695985
-94.51996654
-53.76940119
-54.35146558
-40.60963207
-36.40484297
-65.44937092
-66.10963833
-52.85333490
-76.12447643
-109.97133064
-76.64381057
-71.78649044
-94.68696749
-92.42144018
-72.32415587
-79.94026977
-43.11262697
-48.60414684
21.62921906
15.97363836
12.44257301
60.89712650
16.43789703
-58.93465555
-118.86837375
-107.65366799
-77.57820815
-67.01796824
-56.03492850
-44.77002221
-55.96446186
-45.09628773
-34.97717893
-43.90609127
-43.90609127
-62.46084595
-62.24944603
-68.88676339
-56.14979410
-53.65453559
0.00000000
0.00000000
0.00000000
0.00000000
0.00000000
-2.99718797
-0.99906266
0.00000000
0.00000000
-1.99812531
0.00000000
0.00000000
0.00000000
0.00000000
0.00000000
0.00000000
0.53766543
0.00000000
0.00000000
0.00000000
0.00000000
0.00000000
0.00000000
0.00000000
0.00000000
0.00000000
0.00000000
0.00000000
0.00000000
0.00000000
0.00000000
-0.99906266
-2.00972843
0.00000000
0.00000000
0.00000000
0.00000000
-4.01945686
0.00000000
0.00000000
0.00000000
-2.99718797
-0.99906266
-0.99906266
0.00000000
0.00000000
0.00000000
0.00000000
-0.99906266
-2.99718797
-2.99718797
-10.98968923
0.00000000
0.00000000
0.00000000
-0.99906266
0.00000000
0.00000000
0.00000000
0.00000000
0.00000000
-0.99906266
0.00000000
0.00000000
0.00000000
0.00000000
0.00000000
0.00000000
0.00000000
0.00000000
0.00000000
0.00000000
-0.99906266
0.00000000
0.00000000
0.00000000
0.00000000
0.00000000
0.00000000
0.00000000
0.00000000
0.00000000
0.00000000
0.00000000
0.00000000
0.00000000
0.00000000
0.00000000
0.00000000
0.00000000
0.00000000
0.00000000
0.00000000
0.00000000
0.00000000
0.00000000
0.00000000
0.00000000
0.00000000
0.00000000
0.00000000
0.00000000
0.00000000
0.00000000
-1.46045989
0.00000000
0.00000000
0.00000000
0.00000000
0.00000000
0.00000000
-5.02432108
0.00000000
