2.35919967
2.35919967
2.35919967
2.35919967
1.41551980
4.24655941
2.35919967
0.00000000
-2.33901736
-15.70483086
-0.66829067
0.00000000
0.00000000
0.00000000
0.00000000
0.00000000
0.00000000
0.00000000
0.00000000
0.00000000
0.00000000
0.00000000
0.00000000
0.47183993
0.00000000
0.00000000
0.00000000
0.00000000
0.00000000
0.00000000
0.47183993
0.00000000
0.00000000
0.00000000
0.00000000
0.00000000
0.47183993
0.00000000
0.00000000
0.00000000
0.00000000
0.47183993
0.00000000
0.00000000
0.00000000
0.00000000
0.00000000
0.00000000
0.00000000
0.47183993
0.00000000
1.41551980
0.00000000
0.00000000
0.00000000
0.00000000
0.00000000
0.47183993
0.00000000
0.00000000
0.00000000
0.47183993
0.47183993
0.00000000
0.00000000
0.47183993
0.47183993
0.00000000
0.00000000
0.00000000
0.00000000
0.00000000
0.00000000
0.00000000
0.00000000
0.00000000
0.00000000
0.00000000
0.00000000
0.00000000
0.00000000
0.47183993
0.00000000
0.00000000
0.47183993
0.47183993
0.47183993
0.94367987
0.00000000
0.00000000
0.00000000
0.00000000
-5.68047073
-12.58553228
-9.69021478
-3.22946283
-25.50520989
-69.50223017
-62.70733288
-64.14859962
-18.92881483
-50.67444816
-45.77791122
-53.01711810
-50.42476302
-10.69082451
-6.01461607
-15.03654018
-16.26113099
-29.06881806
-11.02679613
-12.58370599
-27.73406300
-36.30985123
-10.68534565
-4.34388939
-52.45533910
-38.97753507
-72.61604989
-62.14372760
0.00000000
0.00000000
0.47183993
1.88735974
2.63641515
2.83103961
6.60575908
1.41551980
3.55256468
2.83103961
-0.66646439
1.47058049
0.99874055
2.83103961
-1.05571330
-0.58387336
-0.64262950
3.41300091
3.24590680
-0.39842322
-0.44430959
3.38547057
-1.08324364
-3.36902660
-0.22215480
0.30474582
-1.50002289
4.32732415
2.16457522
5.19023928
0.47183993
2.83103961
2.83103961
3.30287954
1.41551980
3.77471948
5.66207922
0.99874055
2.35919967
3.30287954
3.77471948
1.88735974
2.83103961
4.71839935
2.16457522
-0.86108884
0.24968514
-0.44430959
1.19336501
-0.22215480
1.41551980
-1.41738898
0.47183993
0.52690062
2.91363063
-1.52937952
1.55321440
3.77471948
-0.28091094
1.91489008
1.88735974
0.72152507
2.83103961
3.30287954
2.83103961
2.35919967
2.35919967
0.00000000
-1.11077398
-0.22215480
-0.33414534
-1.33292878
-1.44491932
-0.44430959
0.00000000
-0.22215480
0.00000000
-0.22215480
0.00000000
-1.77723837
0.00000000
0.00000000
0.00000000
0.00000000
0.00000000
0.00000000
-0.44430959
0.00000000
0.00000000
0.00000000
0.00000000
0.00000000
0.00000000
0.00000000
0.00000000
0.00000000
0.00000000
0.00000000
0.00000000
0.00000000
0.00000000
0.00000000
-0.33414534
-0.22215480
0.00000000
0.00000000
-0.22215480
-0.55630013
-0.66646439
-1.44674560
-0.66646439
-0.55630013
-0.22215480
0.00000000
-0.22215480
-0.22215480
-1.00243601
0.00000000
0.00000000
-0.88861918
-1.99939317
0.49937028
-0.66646439
-0.22215480
-0.66646439
0.72152507
-0.89044547
0.00000000
0.00000000
-0.22215480
0.00000000
0.00000000
0.00000000
0.00000000
0.47183993
0.00000000
0.00000000
-0.22215480
0.00000000
0.47183993
0.00000000
0.00000000
0.00000000
0.00000000
0.00000000
0.00000000
0.00000000
0.00000000
0.00000000
0.00000000
0.00000000
0.00000000
0.00000000
0.00000000
0.00000000
0.00000000
0.00000000
0.00000000
0.00000000
0.00000000
0.00000000
0.00000000
0.00000000
0.00000000
0.00000000
0.00000000
0.00000000
0.47183993
0.00000000
0.00000000
0.00000000
0.00000000
0.00000000
0.00000000
0.00000000
0.00000000
0.00000000
0.00000000
0.47183993
0.00000000
0.00000000
0.00000000
0.00000000
0.00000000
0.00000000
0.00000000
0.00000000
0.00000000
0.00000000
0.00000000
0.00000000
0.00000000
0.00000000
0.00000000
0.00000000
0.00000000
0.00000000
0.00000000
0.00000000
0.00000000
0.00000000
0.00000000
0.00000000
0.00000000
0.00000000
0.00000000
0.00000000
0.00000000
0.00000000
-0.33414534
0.00000000
0.00000000
-1.55873615
-2.00304574
-0.33414534
-4.77724126
-10.78272590
-4.77906755
-17.44736978
-22.46137613
-1.44491932
-0.44430959
-0.33414534
0.00000000
0.00000000
-0.77845493
0.47183993
0.00000000
-1.00243601
-0.22215480
-1.33658135
-4.00061262
-3.22398397
-2.33536479
-4.44857478
-4.22459370
-1.86169857
-6.55813220
-7.72218347
-15.11931014
-25.01524314
-6.88679868
-0.77845493
-4.22824627
-0.77845493
-4.45040107
-3.11016715
-1.22459081
-5.22885600
-3.66829357
-8.34450200
-4.78454641
-0.22215480
-3.56178188
-4.77906755
0.00000000
0.00000000
-0.55630013
-4.56604418
-8.23981661
-10.35667917
-3.00730804
-3.78576297
-1.06119215
-1.55690986
-0.44430959
-2.88983864
-2.44370276
-3.11016715
-3.33232194
-0.33414534
-0.22215480
-0.44430959
-0.33414534
-0.44430959
-0.22215480
-0.66646439
-8.35180715
-12.69752282
-4.67803472
-0.42047471
-2.77784809
-2.11138371
-1.33292878
0.94367987
-3.77663153
-2.77784809
-2.66585755
-1.99939317
-0.22215480
-0.36171857
-1.77723837
-16.37129524
-35.74989852
-23.38104218
-3.89592722
-0.63893405
-3.00000289
-4.33293167
-2.22154796
-3.67194614
-1.11077398
-1.33292878
-0.66646439
-0.88861918
-2.66585755
-0.22215480
-1.77723837
-3.22581026
-54.13154465
-31.96413556
-26.25978705
-1.55690986
-26.95378178
-19.37860328
-16.59527633
-19.60075808
-0.55630013
-3.89044836
-7.33110827
-9.44797084
-2.11138371
-5.04157957
-39.97814479
-23.38834733
-3.33232194
-2.77784809
-6.53790700
-3.22215769
-1.99939317
-3.66646728
-7.44675139
-2.89166492
-2.55569330
-1.33292878
-28.17837259
-29.84909928
-24.05298543
-4.66525072
-4.44674850
-5.10956031
-5.99817950
-5.99817950
-2.88983864
-2.44370276
-5.11138660
-10.88923758
-10.45588571
-2.66585755
-9.22033718
-39.31168041
-54.35187316
-34.63912454
-36.18690297
-3.34145337
-6.45892566
-6.65537640
-5.01218006
0.00000000
0.00000000
0.00000000
-1.55690986
0.00000000
-1.33292878
-1.55508357
-0.33414534
-0.44430959
0.00000000
0.00000000
0.00000000
-0.22215480
0.00000000
0.00000000
-2.33901736
-4.23189884
-2.33901736
-3.89775351
-10.69265079
-8.68777877
-11.36094147
-6.12478033
-2.00487202
-2.00487202
0.00000000
-6.01461607
-12.91967762
-1.00243601
-0.22215480
-0.22215480
-2.88801235
-2.22154796
0.00000000
0.00000000
-0.33414534
0.00000000
0.47183993
0.00000000
0.00000000
-16.26113099
-36.30802494
-49.11571202
-13.25382295
-29.68962529
-31.01342264
-32.67501789
-27.00915745
-15.67926285
-16.22825783
-15.12113643
-15.66830513
-26.24166024
-38.58129600
-32.35183027
-35.46930256
-27.02011517
-23.00123969
-26.75764602
-35.35183316
-39.69389626
-19.68535432
-9.44797084
-4.00243890
-20.33903471
-15.11383128
-18.78395113
-11.11869752
-11.22886178
-23.01402369
-26.46198875
-26.58311072
-19.79003972
-35.57764053
-38.58312228
-31.80100900
-39.46991518
-18.22947729
-23.79430491
-23.02132884
-18.01462764
-32.13698062
-17.33355296
-29.80526841
-45.82232916
-31.56059134
-32.79979244
-23.11870909
-30.89960581
-27.22765967
-22.78456375
-29.90447494
-17.23252013
-18.89959425
-27.83509582
-10.67246848
-7.88179350
-39.53931406
-20.37556043
-17.55936033
-34.64688072
-41.46748206
-33.91239271
-25.23557165
-21.90142342
-22.12905708
-22.79186890
-24.46624815
-23.13514566
-20.12601134
-20.12601134
-24.68109781
-27.35243422
-27.46077219
-26.90995091
-13.22094980
0.00000000
0.00000000
0.00000000
0.00000000
0.00000000
1.41551980
0.47183993
0.94367987
-0.33414534
0.47183993
-0.44430959
-0.88861918
1.41551980
0.47183993
0.47183993
0.47183993
1.41551980
1.41551980
5.19023928
0.00000000
0.00000000
0.00000000
0.47183993
0.00000000
0.00000000
0.00000000
0.00000000
0.00000000
0.47183993
0.00000000
0.00000000
0.00000000
0.00000000
0.00000000
0.00000000
0.00000000
0.00000000
0.00000000
0.00000000
0.47183993
0.00000000
0.00000000
0.00000000
0.00000000
0.00000000
0.00000000
0.00000000
0.00000000
0.00000000
0.00000000
0.00000000
0.00000000
0.00000000
0.00000000
0.00000000
0.00000000
0.00000000
0.00000000
0.00000000
0.00000000
0.00000000
0.00000000
0.00000000
0.00000000
0.00000000
0.00000000
0.00000000
0.00000000
0.00000000
0.00000000
0.00000000
0.60953453
0.00000000
0.00000000
0.00000000
0.00000000
0.00000000
0.00000000
-1.11077398
0.00000000
